Q;0165S;PAIA 1 SC:65X31X10,5     ;12,5X33,5X68,5      ;00001;   ,0286;    ,546;        ; 33,50; 12,50;    68;  28684,3750;1;
Q;01738;IMBALLO 7381F DA 1 PAIO  ;                    ;00001;        ;        ;        ;      ;      ;      ;            ;1;
Q;01A13;PAIA 1                   ;12,5X15,5X32        ;00001;   ,0060;    ,189;        ; 12,50; 15,50;    32;   6200,0000;1;
Q;01A16;PAIA 1                   ;12,5X18,5X32,5      ;00001;   ,0075;    ,240;        ; 12,50; 18,50;    32;   7515,6250;1;
Q;01A18;PAIA 1                   ;12X20X31,5          ;00001;   ,0070;    ,218;        ; 12,00; 20,00;    31;   7560,0000;1;
Q;01A32;PAIA 1                   ;32X12,5X35          ;00001;   ,0140;    ,308;        ; 32,00; 12,50;    35;  14000,0000;1;
Q;01ADS;PAIA 1 SC:32x19x11,5     ;13X22X35            ;00001;   ,0100;    ,259;        ; 13,00; 22,00;    35;  10010,0000;1;
Q;01B13;PAIA 1                   ;12,5X15,5X34        ;00001;   ,0060;    ,240;        ; 12,50; 15,50;    34;   6587,5000;1;
Q;01B18;PAIA 1                   ;20,5X12,5X32,5      ;00001;   ,0080;    ,248;        ; 20,50; 12,50;    32;   8328,1250;1;
Q;01MTM;SCATOLA MTM TESS         ;47X58X33            ;00001;   ,0899;   3,600;        ; 47,00; 58,00;    33;  89958,0000;1;
Q;01P65;PAIA 1                   ;13X34X67,5          ;00001;   ,0290;    ,560;        ; 13,00; 34,00;    67;  29835,0000;1;
Q;01S16;PAIA 1                   ;12,5X18,5X32,5      ;00001;   ,0075;    ,210;        ; 12,50; 18,50;    32;   7515,6250;1;
Q;01S20;PAIA 1                   ;12,5X22,5X32,5      ;00001;   ,0091;    ,231;        ; 12,50; 22,50;    32;   9140,6250;1;
Q;01S25;PAIA 1                   ;12,5X27X30,5        ;00001;   ,0100;    ,252;        ; 12,50; 27,00;    30;  10293,7500;1;
Q;01S31;PAIA 1                   ;12,5X18,5X34        ;00001;   ,0070;    ,225;        ; 12,50; 18,50;    34;   7862,5000;1;
Q;01S32;PAIA 1                   ;12,5X31,5X35        ;00001;   ,0130;    ,308;        ; 12,50; 31,50;    35;  13781,2500;1;
Q;01S36;PAIA 1                   ;12,5X31,5X39        ;00001;   ,0150;    ,336;        ; 12,50; 31,50;    39;  15356,2500;1;
Q;01S41;PAIA 1 SC.:41x31x10,5    ;12,5X33,5X44        ;00001;   ,0184;    ,385;        ; 12,50; 33,50;    44;  18425,0000;1;
Q;01S46;PAIA 1                   ;32X12,5X49,30       ;00001;   ,0197;    ,406;        ; 32,00; 12,50;    49;  19720,0000;1;
Q;01S54;PAIA 1                   ;12,5X30,5X57        ;00001;   ,0210;    ,440;        ; 12,50; 30,50;    57;  21731,2500;1;
Q;01S65;PAIA 1                   ;12,5X33,5X68,5      ;00001;   ,0280;    ,546;        ; 12,50; 33,50;    68;  28684,3750;1;
Q;0222B;PAIA 2                   ;23X24X31,5          ;00002;   ,0173;    ,378;        ; 23,00; 24,00;    31;  17388,0000;1;
Q;02738;IMBALLO 7381F DA 2 PAIA  ;                    ;00002;        ;        ;        ;      ;      ;      ;            ;1;
Q;02A16;PAIA 2                   ;18,5X23,5X32,5      ;00002;   ,0140;    ,315;        ; 18,50; 23,50;    32;  14129,3750;1;
Q;02A18;PAIA 2                   ;20X23X31,5          ;00002;   ,0140;    ,340;        ; 20,00; 23,00;    31;  14490,0000;1;
Q;02A32;PAIA 2                   ;23,5X32X35          ;00002;   ,0260;    ,400;        ; 23,50; 32,00;    35;  26320,0000;1;
Q;02A51;PAIA 2                   ;23,5X33,5X54        ;00002;   ,0420;    ,736;        ; 23,50; 33,50;    54;  42511,5000;1;
Q;02B18;PAIA 2                   ;20,5X23,5X32        ;00002;   ,0150;    ,350;        ; 20,50; 23,50;    32;  15416,0000;1;
Q;02B22;PAIA 2                   ;23X24X31,5          ;00002;   ,0173;    ,420;        ; 23,00; 24,00;    31;  17388,0000;1;
Q;02B35;PAIA 2                   ;27X36X38            ;00002;   ,0360;    ,602;        ; 27,00; 36,00;    38;  36936,0000;1;
Q;02E30;PAIA 2                   ;23X29X33            ;00002;   ,0220;    ,496;        ; 23,00; 29,00;    33;  22011,0000;1;
Q;02P65;PAIA 2                   ;24X34X67,5          ;00002;   ,0500;    ,784;        ; 24,00; 34,00;    67;  55080,0000;1;
Q;02S16;PAIA 2                   ;18,5X23,5X32,5      ;00002;   ,0140;    ,315;        ; 18,50; 23,50;    32;  14129,3750;1;
Q;02S20;PAIA 2                   ;22,5X23X32,5        ;00002;   ,0160;    ,364;        ; 22,50; 23,00;    32;  16818,7500;1;
Q;02S41;PAIA 2 SC.:41x31x10,5    ;23,5X33,5X44        ;00002;   ,0346;    ,560;        ; 23,50; 33,50;    44;  34639,0000;1;
Q;02S46;PAIA 2                   ;23,5X32X49,30       ;00002;   ,0370;    ,588;        ; 23,50; 32,00;    49;  37073,6000;1;
Q;02S65;PAIA 2                   ;23,5X33,5X68,5      ;00002;   ,0530;    ,763;        ; 23,50; 33,50;    68;  53926,6250;1;
Q;0422B;PAIA 4                   ;23X47X31,5          ;00004;   ,0340;    ,553;        ; 23,00; 47,00;    31;  34051,5000;1;
Q;0465S;PAIA 4                   ;32X45,5X68          ;00004;   ,0990;   1,127;        ; 32,00; 45,50;    68;  99008,0000;1;
Q;04738;IMBALLO 7381F DA 4 PAIA  ;                    ;00004;        ;        ;        ;      ;      ;      ;            ;1;
Q;04A13;PAIA 4                   ;29,5X23,5X31,5      ;00004;   ,0210;    ,100;        ; 29,50; 23,50;    31;  21837,3750;1;
Q;04A16;PAIA 4                   ;23,5X35X32,5        ;00004;   ,0260;    ,544;        ; 23,50; 35,00;    32;  26731,2500;1;
Q;04A32;PAIA 4                   ;32X45,5X35          ;00004;   ,0500;    ,840;        ; 32,00; 45,50;    35;  50960,0000;1;
Q;04A35;PAIA 4 SC.: 35X29,5X10,5 ;32X45,5X38          ;00004;   ,0550;    ,791;        ; 32,00; 45,50;    38;  55328,0000;1;
Q;04A51;PAIA 4                   ;33,5X46,5X54        ;00004;   ,0840;   1,160;        ; 33,50; 46,50;    54;  84118,5000;1;
Q;04A59;PAIA 4                   ;33,5X45,5X63        ;00004;   ,0960;   1,264;        ; 33,50; 45,50;    63;  96027,7500;1;
Q;04ADS;PAIA 4 SC: 32x19x11,5    ;26,5X43X35          ;00004;   ,0398;    ,623;        ; 26,50; 43,00;    35;  39882,5000;1;
Q;04B13;PAIA 4                   ;23X29X34            ;00004;   ,0220;    ,510;        ; 23,00; 29,00;    34;  22678,0000;1;
Q;04B18;PAIA 4                   ;23,5X39,5X32,5      ;00004;   ,0300;    ,584;        ; 23,50; 39,50;    32;  30168,1250;1;
Q;04B22;PAIA 4                   ;23X47X31,5          ;00004;   ,0340;    ,610;        ; 23,00; 47,00;    31;  34051,5000;1;
Q;04B35;PAIA 4                   ;37X55X38            ;00004;   ,0770;   1,144;        ; 37,00; 55,00;    38;  77330,0000;1;
Q;04B36;PAIA 4                   ;32X45,5X38          ;00004;   ,0550;    ,791;        ; 45,50; 32,00;    38;  55328,0000;1;
Q;04E29;PAIA 4                   ;31,5X45X39          ;00004;   ,0550;    ,968;        ; 31,50; 45,00;    39;  55282,5000;1;
Q;04E30;PAIA 4                   ;29X45X33            ;00004;   ,0430;    ,768;        ; 29,00; 45,00;    33;  43065,0000;1;
Q;04E32;PAIA 4                   ;31,5X45X35          ;00004;   ,0490;    ,840;        ; 31,50; 45,00;    35;  49612,5000;1;
Q;04H31;PAIA 4                   ;33,5X45X53          ;00004;   ,0790;   1,120;        ; 33,50; 45,00;    53;  79897,5000;1;
Q;04K14;KID PAIA 4 19,5X14X8,5   ;19X31X22,5          ;00004;   ,0130;    ,352;        ; 19,00; 31,00;    22;  13252,5000;1;
Q;04K16;PAIA 4 KID 24X16X9,5     ;21X35X27            ;00004;   ,0190;    ,456;        ; 21,00; 35,00;    27;  19845,0000;1;
Q;04K27;PAIA 4                   ;27X24X9             ;00004;   ,0050;        ;        ; 27,00; 24,00;     9;   5832,0000;1;
Q;04P65;PAIA 4                   ;34X47X67,5          ;00004;   ,1000;   1,190;        ; 34,00; 47,00;    67; 107865,0000;1;
Q;04S16;PAIA 4                   ;23,5X35X32,5        ;00004;   ,0260;    ,476;        ; 23,50; 35,00;    32;  26731,2500;1;
Q;04S20;PAIA 4                   ;23,5X43,5X32,5      ;00004;   ,0330;    ,539;        ; 23,50; 43,50;    32;  33223,1250;1;
Q;04S25;PAIA 4                   ;27X45X30,5          ;00004;   ,0370;    ,602;        ; 27,00; 45,00;    30;  37057,5000;1;
Q;04S29;PAIA 4                   ;23,5X35X32          ;00004;   ,0260;    ,476;        ; 23,50; 35,00;    32;  26320,0000;1;
Q;04S36;PAIA 4                   ;31,5X45X39          ;00004;   ,0550;    ,784;        ; 31,50; 45,00;    39;  55282,5000;1;
Q;04S41;PAIA 4 SC.:41x31x10,5    ;33,5X45,5X44        ;00004;   ,0670;    ,700;        ; 33,50; 45,50;    44;  67067,0000;1;
Q;04S46;PAIA 4                   ;32X45,5X49,30       ;00004;   ,0710;    ,917;        ; 32,00; 45,50;    49;  71780,8000;1;
Q;04S65;PAIA 4                   ;33,5X45,5X68,5      ;00004;   ,1000;   1,162;        ; 33,50; 45,50;    68; 104411,1250;1;
Q;0565S;PAIA 5                   ;34,5X75X68,5        ;00005;   ,1772;   1,281;        ; 34,50; 75,00;    68; 177243,7500;1;
Q;05A32;SCATOLA:  32x29,5x10,5   ;32X56,5X35          ;00005;   ,0630;    ,984;        ; 32,00; 56,50;    35;  63280,0000;1;
Q;05A51;PAIA 5                   ;33,5X56,5X54        ;00005;   ,1000;   1,296;        ; 33,50; 56,50;    54; 102208,5000;1;
Q;05E29;PAIA 5                   ;31,5X56X39          ;00005;   ,0680;    ,896;        ; 31,50; 56,00;    39;  68796,0000;1;
Q;05H31;PAIA 5                   ;33,5X56X53          ;00005;   ,0990;   1,280;        ; 33,50; 56,00;    53;  99428,0000;1;
Q;05P65;PAIA 5                   ;34X58X67,5          ;00005;   ,1300;   1,350;        ; 34,00; 58,00;    67; 133110,0000;1;
Q;05S36;PAIA 5                   ;31,5X56X39          ;00005;   ,0680;    ,889;        ; 31,50; 56,00;    39;  68796,0000;1;
Q;05S41;PAIA 5 SC.:41x31x10,5    ;33,5X56,5X44        ;00005;   ,0832;    ,900;        ; 33,50; 56,50;    44;  83281,0000;1;
Q;05S46;PAIA 5                   ;30X65X49,5          ;00005;   ,0960;   1,000;        ; 30,00; 65,00;    49;  96525,0000;1;
Q;05S54;PAIA 5                   ;30,5X56X57          ;00005;   ,0970;   1,092;        ; 30,50; 56,00;    57;  97356,0000;1;
Q;0622B;PAIA 6                   ;34X47X31,5          ;00006;   ,0503;    ,770;        ; 34,00; 47,00;    31;  50337,0000;1;
Q;0665S;PAIA 6                   ;34,5X65,5X68,5      ;00006;   ,1547;   1,442;        ; 34,50; 65,50;    68; 154792,8750;1;
Q;06738;IMBALLO 7381F DA 6 PAIA  ;                    ;00006;        ;        ;        ;      ;      ;      ;            ;1;
Q;06A13;PAIA 6                   ;29X34X31,5          ;00006;   ,0310;    ,656;        ; 29,00; 34,00;    31;  31059,0000;1;
Q;06A16;PAIA 6                   ;35X35X32,5          ;00006;   ,0390;    ,784;        ; 34,50; 35,00;    32;  38640,0000;1;
Q;06A18;PAIA 6                   ;34X38,5X31,5        ;00006;   ,0412;    ,850;        ; 34,00; 38,50;    31;  41233,5000;1;
Q;06A19;PAIA 6                   ;34,5X39,5X32,5      ;00006;   ,0440;    ,720;        ; 34,50; 39,50;    32;  44289,3750;1;
Q;06A27;PAIA 6 SC.29,5X27X10,5   ;34X57X32,5          ;00006;   ,0629;    ,875;        ; 34,00; 57,00;    32;  62985,0000;1;
Q;06A31;PAIA 6                   ;34,5X35X34          ;00006;   ,0410;    ,800;        ; 34,50; 35,00;    34;  41055,0000;1;
Q;06A32;SCATOLA:  32x29,5x10,5   ;34,5X62,5X35        ;00006;   ,0750;   1,096;        ; 34,50; 62,50;    35;  75468,7500;1;
Q;06A35;PAIA 6 SC.:35X29,5X10,5  ;34,5X62,5X38        ;00006;   ,0819;   1,078;        ; 34,50; 62,50;    38;  81937,5000;1;
Q;06A51;PAIA 6                   ;34,5X65,5X54        ;00006;   ,1220;   1,456;        ; 34,50; 65,50;    54; 122026,5000;1;
Q;06A56;PAIA 6                   ;34X65X58,5          ;00006;   ,1200;   1,500;        ; 34,00; 65,00;    58; 129285,0000;1;
Q;06A59;PAIA 6                   ;34,5X66X63          ;00006;   ,1400;   1,608;        ; 34,50; 66,00;    63; 143451,0000;1;
Q;06ADS;PAIA 6 SC: 32x19x11,5    ;39X43X35            ;00006;   ,0586;    ,882;        ; 39,00; 43,00;    35;  58695,0000;1;
Q;06B13;PAIA 6                   ;29X34X34            ;00006;   ,0330;    ,680;        ; 29,00; 34,00;    34;  33524,0000;1;
Q;06B18;PAIA 6                   ;34,5X39,5X32,5      ;00006;   ,0440;    ,816;        ; 34,50; 39,50;    32;  44289,3750;1;
Q;06B22;PAIA 6                   ;34,5X47,5X34        ;00006;   ,0500;    ,928;        ; 34,50; 47,50;    34;  55717,5000;1;
Q;06B24;PAIA 6  scatola 36X24X13 ;42X51,5X39          ;00006;   ,0850;   1,098;        ; 42,00; 51,50;    39;  84357,0000;1;
Q;06B27;PAIA 6                   ;34X57X32,5          ;00006;   ,0620;    ,890;        ; 34,00; 57,00;    32;  62985,0000;1;
Q;06B35;PAIA 6                   ;41,5X73X38          ;00006;   ,1100;   1,496;        ; 41,50; 73,00;    38; 115121,0000;1;
Q;06B36;PAIA 6                   ;34,5X62,5X38        ;00006;   ,0810;   1,078;        ; 62,50; 34,50;    38;  81937,5000;1;
Q;06E29;PAIA 6                   ;34,5X61,5X39        ;00006;   ,0820;    ,882;        ; 34,50; 61,50;    39;  82748,2500;1;
Q;06E30;PAIA 6                   ;34X57X33            ;00006;   ,0639;   1,016;        ; 34,00; 57,00;    33;  63954,0000;1;
Q;06E32;PAIA 6                   ;34X61,5X35          ;00006;   ,0730;   1,096;        ; 34,00; 61,50;    35;  73185,0000;1;
Q;06H31;PAIA 6                   ;33,5X67X53          ;00006;   ,1180;   1,432;        ; 33,50; 67,00;    53; 118958,5000;1;
Q;06K12;6 PAIA KID 23X12,5X9     ;28X29X26            ;00006;   ,0210;    ,520;        ; 28,00; 29,00;    26;  21112,0000;1;
Q;06K14;KID 6 PAIA 19,5X14X8,5   ;27,5X31X22,5        ;00006;   ,0190;    ,488;        ; 27,50; 31,00;    22;  19181,2500;1;
Q;06K16;PAIA 6 KID 24X16X9,5     ;30,5X35X27          ;00006;   ,0280;    ,624;        ; 30,50; 35,00;    27;  28822,5000;1;
Q;06P65;PAIA 6                   ;35,5X67X67,5        ;00006;   ,1600;   1,512;        ; 35,50; 67,00;    67; 160548,7500;1;
Q;06S16;PAIA 6                   ;35X35X32,5          ;00006;   ,0390;    ,686;        ; 35,00; 35,00;    32;  39812,5000;1;
Q;06S20;PAIA 6                   ;34,5X43,5X32,5      ;00006;   ,0480;    ,749;        ; 34,50; 43,50;    32;  48774,3750;1;
Q;06S22;PAIA 6                   ;34,5X47,5X34        ;00006;   ,0550;    ,710;        ; 34,50; 47,50;    34;  55717,5000;1;
Q;06S25;PAIA 6                   ;34X53X30,5          ;00006;   ,0540;    ,820;        ; 34,00; 53,00;    30;  54961,0000;1;
Q;06S29;PAIA 6                   ;34,5X35X32          ;00006;   ,0380;    ,650;        ; 34,50; 35,00;    32;  38640,0000;1;
Q;06S31;PAIA 6                   ;34,5X36X34          ;00006;   ,0420;    ,700;        ; 34,50; 36,00;    34;  42228,0000;1;
Q;06S32;PAIA 6                   ;34X61,5X35          ;00006;   ,0730;    ,959;        ; 34,00; 61,50;    35;  73185,0000;1;
Q;06S36;PAIA 6                   ;34,5X61,5X39        ;00006;   ,0820;   1,015;        ; 34,50; 61,50;    39;  82748,2500;1;
Q;06S40;PAIA 6                   ;34X69X42,5          ;00006;   ,9900;    ,987;        ; 34,00; 69,00;    42;  99705,0000;1;
Q;06S41;PAIA 6 SC.:41x31x10,5    ;34,5X66X44          ;00006;   ,1001;   1,204;        ; 34,50; 66,00;    44; 100188,0000;1;
Q;06S46;PAIA 6                   ;34,5X63X49,50       ;00006;   ,1000;   1,176;        ; 34,50; 63,00;    49; 107588,2500;1;
Q;06S54;PAIA 6                   ;34X59,5X57          ;00006;   ,1100;   1,232;        ; 34,00; 59,50;    57; 115311,0000;1;
Q;06S65;PAIA 6                   ;34,5X65,5X68,5      ;00006;   ,1500;   1,477;        ; 34,50; 65,50;    68; 154792,8750;1;
Q;0765S;PAIA 7                   ;32X78,5X68          ;00007;   ,1700;   1,596;        ; 32,00; 78,50;    68; 170816,0000;1;
Q;07A59;PAIA 7                   ;33,5X78,5X63        ;00007;   ,1600;   1,776;        ; 33,50; 78,50;    63; 165674,2500;1;
Q;07E29;PAIA 7                   ;31,5X78X39          ;00007;   ,0950;   1,120;        ; 31,50; 78,00;    39;  95823,0000;1;
Q;07H31;PAIA 7                   ;33,5X78X53          ;00007;   ,1380;   1,584;        ; 33,50; 78,00;    53; 138489,0000;1;
Q;07P65;PAIA 7                   ;34X80X67,5          ;00007;   ,1800;   1,666;        ; 34,00; 80,00;    67; 183600,0000;1;
Q;07S36;PAIA 7                   ;31,5X78X39          ;00007;   ,0950;   1,113;        ; 31,50; 78,00;    39;  95823,0000;1;
Q;07S46;PAIA 7                   ;32X78,5X49,30       ;00007;   ,1200;   1,295;        ; 32,00; 78,50;    49; 123841,6000;1;
Q;07S65;PAIA  7                  ;33,5X78,5X68,3      ;00007;   ,1700;   1,631;        ; 78,50; 33,50;    68; 179611,9250;1;
Q;0822B;PAIA 8                   ;45X47X31,5          ;00008;   ,0660;   1,015;        ; 45,00; 47,00;    31;  66622,5000;1;
Q;0865S;PAIA 8                   ;45,5X65,5X68,5      ;00008;   ,2041;   1,771;        ; 45,50; 65,50;    68; 204147,1250;1;
Q;08738;IMBALLO 7381F DA 8 PAIA  ;                    ;00008;        ;        ;        ;      ;      ;      ;            ;1;
Q;08A13;PAIA 8                   ;29X45X31,5          ;00008;   ,0411;    ,760;        ; 29,00; 45,00;    31;  41107,5000;1;
Q;08A16;PAIA 8                   ;35X45,5X32,5        ;00008;   ,0510;    ,896;        ; 35,00; 45,50;    32;  50960,0000;1;
Q;08A18;PAIA 8                   ;39,5X45,5X32        ;00008;   ,0575;    ,980;        ; 39,50; 45,50;    32;  57512,0000;1;
Q;08A19;PAIA 8                   ;45X41,5X34          ;00008;   ,0630;    ,946;        ; 45,00; 41,50;    34;  63495,0000;1;
Q;08A27;PAIA 8 SC:29,5X27X10,5   ;45X57X32,5          ;00008;   ,0833;   1,141;        ; 45,00; 57,00;    32;  83362,5000;1;
Q;08A31;PAIA 8                   ;35X45,5X34          ;00008;   ,0540;    ,896;        ; 35,00; 45,50;    34;  54145,0000;1;
Q;08A32;PAIA 8                   ;45,5X62,5X35        ;00008;   ,0990;   1,408;        ; 45,50; 62,50;    35;  99531,2500;1;
Q;08A35;PAIA 8 SC.:35X29,5X10,5  ;45,5X62,5X38        ;00008;   ,1080;   1,295;        ; 45,50; 62,50;    38; 108062,5000;1;
Q;08A51;PAIA 8                   ;45,5X65,5X54        ;00008;   ,1600;   1,816;        ; 45,50; 65,50;    54; 160933,5000;1;
Q;08A56;PAIA 8                   ;45X65X58,5          ;00008;   ,1700;   1,870;        ; 45,00; 65,00;    58; 171112,5000;1;
Q;08A59;PAIA 8                   ;45,5X66X63          ;00008;   ,1890;   1,984;        ; 45,50; 66,00;    63; 189189,0000;1;
Q;08ADS;PAIA 8 SC: 32x19x11,5    ;43X51,5X35          ;00008;   ,0775;   1,071;        ; 43,00; 51,50;    35;  77507,5000;1;
Q;08B13;PAIA 8                   ;29X45X34            ;00008;   ,0440;    ,784;        ; 29,00; 45,00;    34;  44370,0000;1;
Q;08B18;PAIA 8                   ;39,5X45,5X32,5      ;00008;   ,0580;   1,008;        ; 39,50; 45,50;    32;  58410,6250;1;
Q;08B22;PAIA 8                   ;45,5X47,5X34        ;00008;   ,0734;   1,382;        ; 45,50; 47,50;    34;  73482,5000;1;
Q;08B24;PAIA 8 scatola 36X24X13  ;51,5X55,5X39        ;00008;   ,1100;   1,390;        ; 51,50; 55,50;    39; 111471,7500;1;
Q;08B27;PAIA 8                   ;45X57X32,5          ;00008;   ,0830;   1,150;        ; 45,00; 57,00;    32;  83362,5000;1;
Q;08B35;PAIA 8                   ;55X73X38            ;00008;   ,1500;   1,960;        ; 55,00; 73,00;    38; 152570,0000;1;
Q;08B36;PAIA 8                   ;45,5X62,5X38        ;00008;   ,1000;   1,295;        ; 62,50; 45,50;    38; 108062,5000;1;
Q;08E29;PAIA 8                   ;45X61,5X39          ;00008;   ,1000;   1,624;        ; 45,00; 61,50;    39; 107932,5000;1;
Q;08E30;PAIA 8                   ;45X57X33            ;00008;   ,0846;   1,320;        ; 45,00; 57,00;    33;  84645,0000;1;
Q;08E32;PAIA 8                   ;45X61,5X35          ;00008;   ,0960;   1,519;        ; 45,00; 61,50;    35;  96862,5000;1;
Q;08H31;PAIA 8                   ;45X66X53            ;00008;   ,1570;   1,792;        ; 45,00; 66,00;    53; 157410,0000;1;
Q;08K12;PAIA 8 KID 23X12,5X9     ;28X38,5X26          ;00008;   ,0280;    ,600;        ; 28,00; 38,50;    26;  28028,0000;1;
Q;08K14;KID PAIA 8 19,5X14X8,5   ;31X36,5X22,5        ;00008;   ,0250;    ,600;        ; 31,00; 36,50;    22;  25458,7500;1;
Q;08K16;PAIA 8 KID 24X16X9,5     ;35X40,5X27          ;00008;   ,0380;    ,784;        ; 35,00; 40,50;    27;  38272,5000;1;
Q;08P65;PAIA 8                   ;47X67X67,5          ;00008;   ,2100;   1,869;        ; 47,00; 67,00;    67; 212557,5000;1;
Q;08S16;PAIA 8                   ;35X45,5X32,5        ;00008;   ,0510;    ,784;        ; 35,00; 45,50;    32;  51756,2500;1;
Q;08S20;PAIA 8                   ;43,5X45,5X32,5      ;00008;   ,0640;    ,973;        ; 43,50; 45,50;    32;  64325,6250;1;
Q;08S22;PAIA 8                   ;45,5X47,5X34        ;00008;   ,0730;   1,197;        ; 45,50; 47,50;    34;  73482,5000;1;
Q;08S25;PAIA 8                   ;45X53X30,5          ;00008;   ,0720;   1,070;        ; 45,00; 53,00;    30;  72742,5000;1;
Q;08S29;PAIA 8                   ;35X45,5X32          ;00008;   ,0500;    ,770;        ; 35,00; 45,50;    32;  50960,0000;1;
Q;08S31;PAIA 8                   ;35X45,5X34          ;00008;   ,0540;    ,784;        ; 35,00; 45,50;    34;  54145,0000;1;
Q;08S32;PAIA 8                   ;45X61,5X35          ;00008;   ,0960;   1,519;        ; 45,00; 61,50;    35;  96862,5000;1;
Q;08S36;PAIA 8                   ;45X61,5X39          ;00008;   ,1000;   1,295;        ; 45,00; 61,50;    39; 107932,5000;1;
Q;08S40;PAIA 8                   ;44,5X69X42,5        ;00008;   ,1300;   1,407;        ; 44,50; 69,00;    42; 130496,2500;1;
Q;08S41;PAIA 8 SC.:41x31x10,5    ;45,5X66X44          ;00008;   ,1321;   1,463;        ; 45,50; 66,00;    44; 132132,0000;1;
Q;08S46;PAIA 8                   ;45,5X63X49,3        ;00008;   ,1400;   1,470;        ; 45,50; 63,00;    49; 141318,4500;1;
Q;08S54;PAIA 8                   ;45X59,5X57          ;00008;   ,1500;   1,540;        ; 45,00; 59,50;    57; 152617,5000;1;
Q;08S65;PAIA 8                   ;45,5X65,5X68,5      ;00008;   ,2000;   1,806;        ; 45,50; 65,50;    68; 204147,1250;1;
Q;08SCG;PAIA 8 SC: 32x19x11,5    ;61X41X35            ;00008;   ,0875;    ,950;        ; 61,00; 41,00;    35;  87535,0000;1;
Q;08SCM;PAIA 8 SC: 29,5x18x11    ;58X40X32            ;00008;   ,0742;    ,850;        ; 58,00; 40,00;    32;  74240,0000;1;
Q;08SCP;PAIA 8 SC: 27,5x17x10,5  ;56X37X30            ;00008;   ,0621;    ,750;        ; 56,00; 37,00;    30;  62160,0000;1;
Q;1022B;PAIA 10                  ;45X55,5X31,5        ;00010;   ,0780;   1,155;        ; 45,00; 55,50;    31;  78671,2500;1;
Q;10738;IMBALLO 7381F DA 10 PAIA ;                    ;00010;        ;        ;        ;      ;      ;      ;            ;1;
Q;10A13;PAIA 10                  ;29X56X31,5          ;00010;   ,0511;    ,873;        ; 29,00; 56,00;    31;  51156,0000;1;
Q;10A16;PAIA 10                  ;35X56,5X32,5        ;00010;   ,0640;   1,016;        ; 35,00; 56,50;    32;  63280,0000;1;
Q;10A18;PAIA 10                  ;39,5X56,5X32        ;00010;   ,0714;   1,095;        ; 39,50; 56,50;    32;  71416,0000;1;
Q;10A19;PAIA 10                  ;41,5X56X34          ;00010;   ,0790;   1,060;        ; 41,50; 56,00;    34;  79016,0000;1;
Q;10A27;PAIA 10 SC:29,5X27X10,5  ;56X57X32,5          ;00010;   ,1037;   1,435;        ; 56,00; 57,00;    32; 103740,0000;1;
Q;10A31;PAIA 10                  ;35X56,5X34          ;00010;   ,0670;   1,016;        ; 35,00; 56,50;    34;  67235,0000;1;
Q;10A32;PAIA 10                  ;56,5X62,5X35        ;00010;   ,1200;   1,784;        ; 56,50; 62,50;    35; 123593,7500;1;
Q;10A35;PAIA 10 SC.:35X29,5X10,5 ;56,5X62,5X38        ;00010;   ,1340;   1,610;        ; 56,50; 62,50;    38; 134187,5000;1;
Q;10A56;PAIA 10                  ;55,5X65X58,5        ;00010;   ,2100;   2,250;        ; 55,50; 65,00;    58; 211038,7500;1;
Q;10A59;PAIA 10                  ;86,5X66X63          ;00010;   ,3590;   2,400;        ; 86,50; 66,00;    63; 359667,0000;1;
Q;10ADS;PAIA 10 SC: 32x19x11,5   ;43X64X35            ;00010;   ,0963;   1,211;        ; 43,00; 64,00;    35;  96320,0000;1;
Q;10B13;PAIA 10                  ;29X56X34            ;00010;   ,0550;    ,896;        ; 29,00; 56,00;    34;  55216,0000;1;
Q;10B18;PAIA 10                  ;39,5X56,5X32,5      ;00010;   ,0720;   1,144;        ; 39,50; 56,50;    32;  72531,8750;1;
Q;10B22;PAIA 10                  ;47,5X56,5X34        ;00010;   ,0900;   1,392;        ; 47,50; 56,50;    34;  91247,5000;1;
Q;10B27;PAIA 10                  ;56X57X32,5          ;00010;   ,1000;   1,450;        ; 56,00; 57,00;    32; 103740,0000;1;
Q;10B35;PAIA 10                  ;68,5X73X38          ;00010;   ,1900;   2,464;        ; 68,50; 73,00;    38; 190019,0000;1;
Q;10B36;PAIA 10                  ;56,5X62,5X38        ;00010;   ,1300;   1,610;        ; 62,50; 56,50;    38; 134187,5000;1;
Q;10E29;PAIA 10                  ;56X61,5X39          ;00010;   ,1300;   1,960;        ; 56,00; 61,50;    39; 134316,0000;1;
Q;10E30;PAIA 10                  ;56X57X33            ;00010;   ,1050;   1,656;        ; 56,00; 57,00;    33; 105336,0000;1;
Q;10E32;PAIA 10                  ;56X61,5X35          ;00010;   ,1200;   1,760;        ; 56,00; 61,50;    35; 120540,0000;1;
Q;10H31;PAIA 10                  ;56X66X53            ;00010;   ,1950;   2,184;        ; 56,00; 66,00;    53; 195888,0000;1;
Q;10K12;PAIA 10 KID 23X12,5X9    ;28X47,5X26          ;00010;   ,0340;    ,680;        ; 28,00; 47,50;    26;  34580,0000;1;
Q;10K14;PAIA 10 KID 19,5X14X8,5  ;31X45,5X22,5        ;00010;   ,0310;    ,680;        ; 31,00; 45,50;    22;  31736,2500;1;
Q;10K16;PAIA 10 KID 24X16X9,5    ;35X50X27            ;00010;   ,0470;    ,880;        ; 35,00; 50,00;    27;  47250,0000;1;
Q;10P65;PAIA 10                  ;58X67X67,5          ;00010;   ,2600;   2,247;        ; 58,00; 67,00;    67; 262305,0000;1;
Q;10S16;PAIA 10                  ;35X56,5X32,5        ;00010;   ,0640;    ,889;        ; 35,00; 56,50;    32;  64268,7500;1;
Q;10S20;PAIA 10                  ;43,5X56,5X32,5      ;00010;   ,0790;   1,085;        ; 43,50; 56,50;    32;  79876,8750;1;
Q;10S22;PAIA 10                  ;29X56X34            ;00010;   ,0550;   1,218;        ; 29,00; 56,00;    34;  55216,0000;1;
Q;10S25;PAIA 10                  ;53X56X30,5          ;00010;   ,0900;   1,320;        ; 53,00; 56,00;    30;  90524,0000;1;
Q;10S29;PAIA 10                  ;35X56,5X32          ;00010;   ,0630;    ,870;        ; 35,00; 56,50;    32;  63280,0000;1;
Q;10S31;PAIA 10                  ;35X56,5X34          ;00010;   ,0670;    ,889;        ; 35,00; 56,50;    34;  67235,0000;1;
Q;10S32;PAIA 10                  ;56X61,5X35          ;00010;   ,1200;   1,540;        ; 56,00; 61,50;    35; 120540,0000;1;
Q;10S36;PAIA 10                  ;56X61,5X39          ;00010;   ,1300;   1,610;        ; 56,00; 61,50;    39; 134316,0000;1;
Q;10S40;PAIA 10                  ;56X69,5X43,5        ;00010;   ,1600;   1,031;        ; 56,00; 69,50;    43; 169302,0000;1;
Q;10S41;PAIA 10                  ;56,5X66X44          ;00010;   ,1640;   2,016;        ; 56,50; 66,00;    44; 164076,0000;1;
Q;10S46;PAIA 10                  ;56,5X63X49,3        ;00010;   ,1750;   1,806;        ; 56,50; 63,00;    49; 175483,3500;1;
Q;10S54;PAIA 10                  ;56X59,5X57          ;00010;   ,1800;   1,883;        ; 56,00; 59,50;    57; 189924,0000;1;
Q;10S65;PAIA 10                  ;56,5X65,5X68,5      ;00010;   ,2500;   2,177;        ; 56,50; 65,50;    68; 253501,3750;1;
Q;1222B;PAIA 12                  ;45X66,5X31,5        ;00012;   ,0942;   1,281;        ; 45,00; 66,50;    31;  94263,7500;1;
Q;12738;IMBALLO 7381F DA 12 PAIA ;                    ;00012;        ;        ;        ;      ;      ;      ;            ;1;
Q;12A13;PAIA 12                  ;29X67X31,5          ;00012;   ,0612;    ,900;        ; 29,00; 67,00;    31;  61204,5000;1;
Q;12A16;PAIA 12                  ;35X67,5X32,5        ;00012;   ,0760;   1,184;        ; 35,00; 67,50;    32;  75600,0000;1;
Q;12A18;PAIA 12                  ;39,5X67,5X32        ;00012;   ,0853;   1,210;        ; 39,50; 67,50;    32;  85320,0000;1;
Q;12A19;PAIA 12                  ;41,5X67X34          ;00012;   ,0940;   1,180;        ; 41,50; 67,00;    34;  94537,0000;1;
Q;12A27;PAIA 12 SC:29,5X27X10,5  ;57X67X32,5          ;00012;   ,1241;   1,589;        ; 57,00; 67,00;    32; 124117,5000;1;
Q;12A31;PAIA 12                  ;35X67,5X34          ;00012;   ,0800;   1,136;        ; 35,00; 67,50;    34;  80325,0000;1;
Q;12A32;PAIA 12                  ;62,5X67,5X35        ;00012;   ,1400;   2,072;        ; 62,50; 67,50;    35; 147656,2500;1;
Q;12A35;PAIA 12 SC.:35X29,5X10,5 ;60X65X38            ;00012;   ,1480;   1,800;        ; 60,00; 65,00;    38; 148200,0000;1;
Q;12ADS;PAIA 12 SC: 32x19x11,5   ;43X75X35            ;00012;   ,1128;   1,330;        ; 43,00; 75,00;    35; 112875,0000;1;
Q;12B13;PAIA 12                  ;29X67X34            ;00012;   ,0660;   1,010;        ; 29,00; 67,00;    34;  66062,0000;1;
Q;12B18;PAIA 12                  ;39,5X67,5X32,5      ;00012;   ,0860;   1,272;        ; 39,50; 67,50;    32;  86653,1250;1;
Q;12B22;PAIA 12                  ;47,5X67,5X34        ;00012;   ,1000;   1,536;        ; 47,50; 67,50;    34; 109012,5000;1;
Q;12B27;PAIA 12                  ;57X67X32,5          ;00012;   ,1200;   1,610;        ; 57,00; 67,00;    32; 124117,5000;1;
Q;12B36;PAIA 12                  ;60X65X38            ;00012;   ,1400;   1,800;        ; 60,00; 65,00;    38; 148200,0000;1;
Q;12E29;PAIA 12                  ;61,5X67X39          ;00012;   ,1600;   2,328;        ; 61,50; 67,00;    39; 160699,5000;1;
Q;12E30;PAIA 12                  ;56X67X33            ;00012;   ,1230;   1,840;        ; 56,00; 67,00;    33; 123816,0000;1;
Q;12E32;PAIA 12                  ;61,5X67X35          ;00012;   ,1400;   1,870;        ; 61,50; 67,00;    35; 144217,5000;1;
Q;12K12;PAIA 12 KID 23X12,5X9    ;28X57X26            ;00012;   ,0410;    ,768;        ; 28,00; 57,00;    26;  41496,0000;1;
Q;12K14;PAIA 12 KID 19,5X14X8,5  ;31X54X22,5          ;00012;   ,0370;    ,752;        ; 31,00; 54,00;    22;  37665,0000;1;
Q;12K16;PAIA 12 KID 24X16X9,5    ;35X60X27            ;00012;   ,0560;    ,976;        ; 35,00; 60,00;    27;  56700,0000;1;
Q;12S16;PAIA 12                  ;35X67,5X32,5        ;00012;   ,0760;    ,994;        ; 35,00; 67,50;    32;  76781,2500;1;
Q;12S20;PAIA 12                  ;43,5X67,5X32,5      ;00012;   ,0950;   1,204;        ; 43,50; 67,50;    32;  95428,1250;1;
Q;12S22;PAIA 12                  ;47,5X67,5X34        ;00012;   ,1000;   1,344;        ; 47,50; 67,50;    34; 109012,5000;1;
Q;12S25;PAIA 12                  ;53X67X30,5          ;00012;   ,1000;   1,442;        ; 53,00; 67,00;    30; 108305,5000;1;
Q;12S29;PAIA 12                  ;35X67,5X32          ;00012;   ,0750;    ,980;        ; 35,00; 67,50;    32;  75600,0000;1;
Q;12S31;PAIA 12                  ;35X67,5X34          ;00012;   ,0800;    ,994;        ; 35,00; 67,50;    34;  80325,0000;1;
Q;12S36;PAIA 12                  ;61,5X67X39          ;00012;   ,1600;   1,848;        ; 61,50; 67,00;    39; 160699,5000;1;
Q;12S41;PAIA 12  SC.41X31X10,5   ;66X67,5X44          ;00012;   ,1900;   2,176;        ; 66,00; 67,50;    44; 196020,0000;1;
Q;1522B;PAIA 15                  ;55,5X70X31,5        ;00015;   ,1220;   1,554;        ; 55,50; 70,00;    31; 122377,5000;1;
Q;15A13;PAIA 15                  ;43X56X32,5          ;00015;   ,0780;   1,200;        ; 43,00; 56,00;    32;  78260,0000;1;
Q;15A16;PAIA 15                  ;52,5X56,5X32,5      ;00015;   ,0960;   1,528;        ; 52,50; 56,50;    32;  94920,0000;1;
Q;15A18;PAIA 15                  ;56,5X58X32          ;00015;   ,1040;   1,640;        ; 56,50; 58,00;    32; 104864,0000;1;
Q;15A19;PAIA 15                  ;56X61,5X34          ;00015;   ,1170;   1,520;        ; 56,00; 61,50;    34; 117096,0000;1;
Q;15A27;PAIA 15 SC:29,5X27X10,5  ;56X85X32,5          ;00015;   ,1547;   1,785;        ; 56,00; 85,00;    32; 154700,0000;1;
Q;15A31;PAIA 15                  ;52,5X56,5X34        ;00015;   ,1000;   1,504;        ; 52,50; 56,50;    34; 100852,5000;1;
Q;15B13;PAIA 15                  ;43X56X34            ;00015;   ,0810;   1,272;        ; 43,00; 56,00;    34;  81872,0000;1;
Q;15B18;PAIA 15                  ;56,5X58X32,5        ;00015;   ,1060;   1,680;        ; 56,50; 58,00;    32; 106502,5000;1;
Q;15B22;PAIA 15                  ;56,5X70,5X34        ;00015;   ,1300;   1,880;        ; 56,50; 70,50;    34; 135430,5000;1;
Q;15B27;PAIA 15 sc.29,5X27X10,5  ;56X85X32,5          ;00015;   ,1540;   2,040;        ; 56,00; 85,00;    32; 154700,0000;1;
Q;15S16;PAIA 15                  ;52,5X56,5X32,5      ;00015;   ,0960;   1,337;        ; 52,50; 56,50;    32;  96403,1250;1;
Q;15S20;PAIA 15                  ;56,5X64,5X32,5      ;00015;   ,1180;   1,533;        ; 56,50; 64,50;    32; 118438,1250;1;
Q;15S25;PAIA 15                  ;56X78,5X30,5        ;00015;   ,1300;   1,670;        ; 56,00; 78,50;    30; 134078,0000;1;
Q;15S29;PAIA 15                  ;52,5X56,5X32        ;00015;   ,0940;   1,290;        ; 52,50; 56,50;    32;  94920,0000;1;
Q;15S31;PAIA 15                  ;52,5X56,5X34        ;00015;   ,1000;   1,316;        ; 52,50; 56,50;    34; 100852,5000;1;
Q;1822B;PAIA 18                  ;66,5X70X31,5        ;00018;   ,1460;   1,904;        ; 66,50; 70,00;    31; 146632,5000;1;
Q;18A13;PAIA 18                  ;43X67X32,5          ;00018;   ,0936;   1,362;        ; 43,00; 67,00;    32;  93632,5000;1;
Q;18A16;PAIA 18                  ;52,5X67,5X32,5      ;00018;   ,1100;   1,664;        ; 52,50; 67,50;    32; 113400,0000;1;
Q;18A18;PAIA 18                  ;58X67,5X32          ;00018;   ,1250;   1,830;        ; 58,00; 67,50;    32; 125280,0000;1;
Q;18A19;PAIA 18                  ;63X61,5X34          ;00018;   ,1300;   1,760;        ; 63,00; 61,50;    34; 131733,0000;1;
Q;18A27;PAIA 18 SC:29,5X27X10,5  ;67X85X32,5          ;00018;   ,1850;   2,128;        ; 67,00; 85,00;    32; 185087,5000;1;
Q;18A31;PAIA 18                  ;52,5X67,5X34        ;00018;   ,1200;   1,656;        ; 52,50; 67,50;    34; 120487,5000;1;
Q;18B13;PAIA 18                  ;43X67X34            ;00018;   ,0970;   1,408;        ; 43,00; 67,00;    34;  97954,0000;1;
Q;18B18;PAIA 18                  ;58X67,5X32,5        ;00018;   ,1270;   1,856;        ; 58,00; 67,50;    32; 127237,5000;1;
Q;18B22;PAIA 18                  ;67,5X70,5X34        ;00018;   ,1600;   2,288;        ; 67,50; 70,50;    34; 161797,5000;1;
Q;18B27;PAIA 18                  ;67X85X32,5          ;00018;   ,1800;   2,170;        ; 67,00; 85,00;    32; 185087,5000;1;
Q;18S16;PAIA 18                  ;52,5X67,5X32,5      ;00018;   ,1150;   1,456;        ; 52,50; 67,50;    32; 115171,8750;1;
Q;18S20;PAIA 18                  ;64,5X67,5X32,5      ;00018;   ,1410;   1,820;        ; 64,50; 67,50;    32; 141496,8750;1;
Q;18S25;PAIA 18                  ;67X78,5X30,5        ;00018;   ,1600;   1,988;        ; 67,00; 78,50;    30; 160414,7500;1;
Q;18S31;PAIA 18                  ;52,5X67,5X34        ;00018;   ,1200;   1,449;        ; 52,50; 67,50;    34; 120487,5000;1;
Q;2034k;IMBALLO KID              ;20X34X27            ;00000;   ,0183;        ;        ; 20,00; 34,00;    27;  18360,0000;1;
Q;20K  ;IMBALLO 20X34X27 KID     ;20X34X27            ;00016;   ,0183;        ;        ; 20,00; 34,00;    27;  18360,0000;1;
Q;29119;PAIA 2 SC.:35X31X13      ;30,5X34,5X39        ;00002;   ,0410;    ,630;        ; 30,50; 34,50;    39;  41037,7500;1;
Q;38K  ;IMBALLO 38X34X27 KID     ;38X34X27            ;00016;   ,0348;        ;        ; 38,00; 34,00;    27;  34884,0000;1;
Q;41K  ;IMBALLO 41X67X25 KID     ;41X67X25            ;00012;   ,0686;        ;        ; 41,00; 67,00;    25;  68675,0000;1;
Q;48PAI;IMBALLO DA 48 PAIA       ;48X48X48            ;00048;   ,1105;   1,000;        ; 48,00; 48,00;    48; 110592,0000;1;
Q;49119;PAIA 4 SC.: 35X31X13     ;34,5X59,5X39        ;00004;   ,0800;    ,960;        ; 34,50; 59,50;    39;  80057,2500;1;
Q;50PAI;IMBALLO DA 50 PAIA       ;45X46X40,5          ;00050;   ,0838;   1,300;        ; 45,00; 46,00;    40;  83835,0000;1;
Q;56K  ;IMBALLO 56X61X25 KID     ;56X61X25            ;00015;   ,0854;        ;        ; 56,00; 61,00;    25;  85400,0000;1;
Q;65K  ;IMBALLO 65X34X27         ;65X34X27            ;00016;   ,0596;        ;        ; 65,00; 34,00;    27;  59670,0000;1;
Q;68K  ;IMBALLO 68X46X27 KID     ;68X46X27            ;00016;   ,0844;        ;        ; 68,00; 46,00;    27;  84456,0000;1;
Q;69119;PAIA 6 SC.: 35X31X13     ;45X67,5X39          ;00006;   ,1184;   1,310;        ; 45,00; 67,50;    39; 118462,5000;1;
Q;75K  ;IMBALLO 75X34X27         ;75X34X27            ;00014;   ,6885;        ;        ; 75,00; 34,00;    27;  68850,0000;1;
Q;A1301;PAIA 1 SC:29,5X13X10,5   ;12,5X15,5X32        ;00001;   ,0062;    ,189;        ; 12,50; 15,50;    32;   6200,0000;1;
Q;A1302;PAIA 2 SC:29,5X13X10,5   ;15,5X23,5X32,5      ;00002;   ,0118;    ,320;        ; 15,50; 23,50;    32;  11838,1250;1;
Q;A1304;PAIA 4 SC:29,5X13X10,5   ;29,5X23,5X31,5      ;00004;   ,0218;    ,100;        ; 29,50; 23,50;    31;  21837,3750;1;
Q;A1306;PAIA 6 SC:29,5X13X10,5   ;29X34X31,5          ;00006;   ,0310;    ,656;        ; 29,00; 34,00;    31;  31059,0000;1;
Q;A1308;PAIA 8 SC:29,5X13X10,5   ;29X45X31,5          ;00008;   ,0411;    ,760;        ; 29,00; 45,00;    31;  41107,5000;1;
Q;A1310;PAIA 10 SC:29,5X13X10,5  ;29X56X31,5          ;00010;   ,0511;    ,973;        ; 29,00; 56,00;    31;  51156,0000;1;
Q;A1312;PAIA 12 SC:29,5X13X10,5  ;29X67X31,5          ;00012;   ,0612;    ,900;        ; 29,00; 67,00;    31;  61204,5000;1;
Q;A1315;PAIA 15 SC:29,5X13X10,5  ;43X56X32,5          ;00015;   ,0782;   1,200;        ; 43,00; 56,00;    32;  78260,0000;1;
Q;A1901;BAL-01 SC:31x19x10,5     ;12,5X21,5X34        ;00001;   ,0091;    ,270;        ; 12,50; 21,50;    34;   9137,5000;1;
Q;A1902;BAL-02 SC:31x19x10,5     ;21,5X23,5X34        ;00002;   ,0171;    ,420;        ; 21,50; 23,50;    34;  17178,5000;1;
Q;A1904;BAL-04 SC:31x19x10,5     ;23,5X41,5X34        ;00004;   ,0331;    ,620;        ; 23,50; 41,50;    34;  33158,5000;1;
Q;A1906;BAL-06 SC:31x19x10,5     ;34,5X39,5X32,5      ;00006;   ,0442;    ,720;        ; 34,50; 39,50;    32;  44289,3750;1;
Q;A1908;BAL-08 SC:31x19x10,5     ;45X41,5X34          ;00008;   ,0634;    ,946;        ; 45,00; 41,50;    34;  63495,0000;1;
Q;A1910;BAL-10 SC:31x19x10,5     ;41,5X56X34          ;00010;   ,0790;   1,060;        ; 41,50; 56,00;    34;  79016,0000;1;
Q;A1912;BAL-12 SC:31x19x10,5     ;41,5X67X34          ;00012;   ,0945;   1,180;        ; 41,50; 67,00;    34;  94537,0000;1;
Q;A1915;BAL-15 SC:31x19x10,5     ;56X61,5X34          ;00015;   ,1170;   1,520;        ; 56,00; 61,50;    34; 117096,0000;1;
Q;A1918;BAL-18 SC:31x19x10,5     ;63X61,5X34          ;00018;   ,1317;   1,760;        ; 63,00; 61,50;    34; 131733,0000;1;
Q;A2701;PAIA 1 SC:29,5X27X10,5   ;12,5X29,5X32,50     ;00001;   ,0119;        ;    ,120; 12,50; 29,50;    32;  11984,3750;1;
Q;A2702;PAIA 2 SC:29,5X27X10,5   ;29,5X23,5X32,5      ;00002;   ,0225;        ;    ,200; 29,50; 23,50;    32;  22530,6250;1;
Q;A2704;PAIA 4 SC: 29,5X27X10,5  ;29X45X32,50         ;00004;   ,0424;        ;    ,500; 29,00; 45,00;    32;  42412,5000;1;
Q;A2706;PAIA 6 SC:29,5X27X10,5   ;34X57X32,5          ;00006;   ,0629;        ;    ,875; 34,00; 57,00;    32;  62985,0000;1;
Q;A2708;PAIA 8 SC: 29,5X27X10,5  ;45X57X32,50         ;00008;   ,0833;        ;   1,150; 45,00; 57,00;    32;  83362,5000;1;
Q;B1301;PAIA 1 SC:31x13x10,5     ;12,5X15,5X34        ;00001;   ,0065;    ,240;        ; 12,50; 15,50;    34;   6587,5000;1;
Q;B1302;PAIA 2 SC:31x13x10,5     ;15,5X23,5X34        ;00002;   ,0123;    ,330;        ; 15,50; 23,50;    34;  12384,5000;1;
Q;B1304;PAIA 4 SC:31x13x10,5**   ;25X31,5X35          ;00004;   ,0275;    ,568;        ; 25,00; 31,50;    35;  27562,5000;1;
Q;B1306;PAIA 6 SC:31x13x10,5**   ;31,5X36,5X35        ;00006;   ,0402;    ,752;        ; 31,50; 36,50;    35;  40241,2500;1;
Q;B1308;PAIA 8 SC:31x13x10,5**   ;31,5X48X35          ;00008;   ,0529;    ,872;        ; 31,50; 48,00;    35;  52920,0000;1;
Q;B1310;PAIA 10 SC:31x13x10,5**  ;31,5X60X35          ;00010;   ,0661;   1,000;        ; 31,50; 60,00;    35;  66150,0000;1;
Q;B1312;PAIA 12 SC:31x13x10,5**  ;31,5X71,5X35        ;00012;   ,0788;   1,128;        ; 31,50; 71,50;    35;  78828,7500;1;
Q;B1315;PAIA 15 SC:31x13x10,5**  ;47X60X35            ;00015;   ,0987;   1,448;        ; 47,00; 60,00;    35;  98700,0000;1;
Q;B1601;PAIA 1 SC:31X16X10,5     ;12,5X18,5X34        ;00001;   ,0078;    ,250;        ; 12,50; 18,50;    34;   7862,5000;1;
Q;B1602;PAIA 2 SC:31X16X10,5     ;18,5X23,5X34        ;00002;   ,0147;    ,370;        ; 18,50; 23,50;    34;  14781,5000;1;
Q;B1604;PAIA 4 SC:31X16X10,5**   ;25X38X35            ;00004;   ,0332;    ,640;        ; 25,00; 38,00;    35;  33250,0000;1;
Q;B1606;PAIA 6 SC:31X16X10,5**   ;37,5X38X35          ;00006;   ,0498;    ,904;        ; 37,50; 38,00;    35;  49875,0000;1;
Q;B1608;PAIA 8 SC:31X16X10,5**   ;38X49,5X35          ;00008;   ,0658;   1,064;        ; 38,00; 49,50;    35;  65835,0000;1;
Q;B1610;PAIA 10 SC:31X16X10,5**  ;38X61,5X35          ;00010;   ,0817;   1,200;        ; 38,00; 61,50;    35;  81795,0000;1;
Q;B1612;PAIA 12 SC:31x16x10,5**  ;38X73,5X35          ;00012;   ,0977;   1,344;        ; 38,00; 73,50;    35;  97755,0000;1;
Q;B1615;PAIA 15 SC:31X16X10,5**  ;56,5X61,5X35        ;00015;   ,1216;   1,768;        ; 56,50; 61,50;    35; 121616,2500;1;
Q;B1901;PAIA 1 SC: 31X19X10,5    ;12X21X34            ;00001;   ,0085;    ,230;        ; 12,00; 21,00;    34;   8568,0000;1;
Q;B1902;PAIA 2 SC: 31X19X10,5**  ;22,5X25X35          ;00002;   ,0196;    ,464;        ; 22,50; 25,00;    35;  19687,5000;1;
Q;B1904;PAIA 4 SC:31X19X10,5**   ;25,5X44X35          ;00004;   ,0392;    ,800;        ; 25,50; 44,00;    35;  39270,0000;1;
Q;B1906;PAIA 6 SC: 31X19X10,5    ;34,5X41,5X34        ;00006;   ,0486;    ,750;        ; 34,50; 41,50;    34;  48679,5000;1;
Q;B1908;PAIA 8 SC: 31X19X10,5**  ;44X49,5X35          ;00008;   ,0762;   1,224;        ; 44,00; 49,50;    35;  76230,0000;1;
Q;B1910;PAIA 10 SC: 31X19X10,5** ;44X61,5X35          ;00010;   ,0947;   1,376;        ; 44,00; 61,50;    35;  94710,0000;1;
Q;B1912;PAIA 12 SC: 31X19X10,5   ;41,5X67X34          ;00012;   ,0945;   1,170;        ; 41,50; 67,00;    34;  94537,0000;1;
Q;B1915;PAIA 15 SC: 31X19X10,5** ;61,5X65,5X35        ;00015;   ,1409;   2,008;        ; 61,50; 65,50;    35; 140988,7500;1;
Q;B2202;PAIA 2 SC:31X22X10,5**   ;25X25,5X35          ;00002;   ,0223;    ,300;        ; 25,00; 25,50;    35;  22312,5000;1;
Q;B2204;PAIA 4 SC:31X22X10,5**   ;25X50X35            ;00004;   ,0437;    ,500;        ; 25,00; 50,00;    35;  43750,0000;1;
Q;B2206;PAIA 6 SC:31X22X10,5**   ;37,5X50X35          ;00006;   ,0656;   1,048;        ; 37,50; 50,00;    35;  65625,0000;1;
Q;B2208;PAIA 8 SC:31X22X10,5**   ;49,5X50X35          ;00008;   ,0866;   1,384;        ; 49,50; 50,00;    35;  86625,0000;1;
Q;C3201;PAIA 1 SC:32x29,5x10,5   ;32x12,5x35          ;00001;   ,0140;    ,308;        ; 32,00; 12,50;    35;  14000,0000;1;
Q;C3202;PAIA 2 SC:32x29,5x10,5   ;23,5X32X35          ;00002;   ,0263;    ,400;        ; 23,50; 32,00;    35;  26320,0000;1;
Q;C3204;PAIA 4 SC:32x29,5x10,5   ;32X45,5X35          ;00004;   ,0509;    ,840;        ; 32,00; 45,50;    35;  50960,0000;1;
Q;C3206;PAIA 6 SC:32x29,5x10,5   ;34,5X62,5X35        ;00006;   ,0754;   1,096;        ; 34,50; 62,50;    35;  75468,7500;1;
Q;C3208;PAIA 8 SC:32X29,5X10,5   ;45,5X62,5X35        ;00008;   ,0995;   1,408;        ; 45,50; 62,50;    35;  99531,2500;1;
Q;C3501;PAIA 1 SC:35X29,5X10,5   ;12,5X32X38          ;00001;   ,0152;    ,380;        ; 12,50; 32,00;    38;  15200,0000;1;
Q;C3502;PAIA 2 SC:35X29,5X10,5   ;23,5X32X38          ;00002;   ,0285;    ,570;        ; 23,50; 32,00;    38;  28576,0000;1;
Q;C3504;PAIA 4 SC:35X29,5X10,5   ;32X45,5X38          ;00004;   ,0553;    ,791;        ; 32,00; 45,50;    38;  55328,0000;1;
Q;C3506;PAIA 6 SC:35X29,5X10,5   ;34,5X62,5X38        ;00006;   ,0819;   1,078;        ; 34,50; 62,50;    38;  81937,5000;1;
Q;C3508;PAIA 8 SC:35x29,5x10,5   ;45,5X62,5X38        ;00008;   ,1080;   1,295;        ; 45,50; 62,50;    38; 108062,5000;1;
Q;C3602;PAIA 2 SC:36x20x13       ;22X28X39            ;00002;   ,0240;    ,455;        ; 22,00; 28,00;    39;  24024,0000;1;
Q;C3604;PAIA 4 SC:36x20x13       ;28X43X39            ;00004;   ,0469;    ,693;        ; 28,00; 43,00;    39;  46956,0000;1;
Q;C3606;PAIA 6 SC:36x20x13       ;41,5X43X39          ;00006;   ,0695;    ,980;        ; 41,50; 43,00;    39;  69595,5000;1;
Q;C3608;PAIA 8 SC:36x20x13       ;43X55X39            ;00008;   ,0922;   1,162;        ; 43,00; 55,00;    39;  92235,0000;1;
Q;F5601;PAIA 1 SC:56x31x10,5     ;12,5X33,5X59,5      ;00001;   ,0249;    ,560;        ; 12,50; 33,50;    59;  24915,6250;1;
Q;F5602;PAIA 2 SC:56x31x10,5     ;23,5X33,5X59,5      ;00002;   ,0468;    ,790;        ; 23,50; 33,50;    59;  46841,3750;1;
Q;F5604;PAIA 4 SC:56x31x10,5     ;33,5X45,5X59,5      ;00004;   ,0906;   1,220;        ; 33,50; 45,50;    59;  90692,8750;1;
Q;F5606;PAIA 6 SC:56x31x10,5     ;34X65X58,5          ;00006;   ,1292;   1,500;        ; 34,00; 65,00;    58; 129285,0000;1;
Q;F5608;PAIA 8 SC:56x31x10,5     ;45X65X58,5          ;00008;   ,1711;   1,870;        ; 45,00; 65,00;    58; 171112,5000;1;
Q;F5951;PAIA 1 SC:59,5X31X10,5   ;12,5X33,5X63        ;00001;   ,0263;    ,590;        ; 12,50; 33,50;    63;  26381,2500;1;
Q;F5952;PAIA 2 SC:59,5X31X10,5   ;23,5X33,5X63        ;00002;   ,0495;    ,830;        ; 23,50; 33,50;    63;  49596,7500;1;
Q;F5954;PAIA 4 SC:59,5X31X10,5   ;33,5X45,5X63        ;00004;   ,0960;   1,264;        ; 33,50; 45,50;    63;  96027,7500;1;
Q;F5956;PAIA 6 SC:59,5X31X10,5   ;34,5X66X63          ;00006;   ,1430;   1,608;        ; 34,50; 66,00;    63; 143451,0000;1;
Q;F5958;PAIA 8 SC:59,5X31X10,5   ;45,5X66X63          ;00008;   ,1890;   1,984;        ; 45,50; 66,00;    63; 189189,0000;1;
Q;G2701;PAIA 1 SC:29,5X27X10,5   ;13X30,5X33,5        ;00001;   ,0132;    ,280;        ; 13,00; 30,50;    33;  13282,7500;1;
Q;G2702;PAIA 2 SC: 29,5X27X10,5  ;25X30,5X33,5        ;00002;   ,0255;    ,300;        ; 25,00; 30,50;    33;  25543,7500;1;
Q;G2704;PAIA 4 SC:29,5X27X10,5   ;30,5X49,5X33,5      ;00004;   ,0505;    ,500;        ; 30,50; 49,50;    33;  50576,6250;1;
Q;G2706;PAIA 6 SC:29,5X27X10,5   ;37,5X60X33,5        ;00006;   ,0753;    ,875;        ; 37,50; 60,00;    33;  75375,0000;1;
Q;G2708;PAIA 8 SC:29,5X27X10,5   ;49,5X60X33,5        ;00008;   ,0994;   1,141;        ; 49,50; 60,00;    33;  99495,0000;1;
Q;G2710;PAIA 10 SC:29,5X27X10,5  ;60X61,5X33,5        ;00010;   ,1236;   1,435;        ; 60,00; 61,50;    33; 123615,0000;1;
Q;G2712;PAIA 12 SC:29,5X27X10,5  ;60X73,5X33,5        ;00012;   ,1477;   1,589;        ; 60,00; 73,50;    33; 147735,0000;1;
Q;G2801;PAIA 1 SC:36X28X13       ;37X30X15            ;00001;   ,0166;    ,236;        ; 37,00; 30,00;    15;  16650,0000;1;
Q;G2802;PAIA 2 SC:36X28X13       ;28X30,5X39          ;00002;   ,0333;    ,434;        ; 28,00; 30,50;    39;  33306,0000;1;
Q;G2804;PAIA 4 SC:36X28X13       ;30,5X55X39          ;00004;   ,0654;    ,861;        ; 30,50; 55,00;    39;  65422,5000;1;
Q;G2806;PAIA 6 SC:36X28X13       ;41,5X60X39          ;00006;   ,0971;   1,176;        ; 41,50; 60,00;    39;  97110,0000;1;
Q;G2808;PAIA 8 SC:36x28x13       ;55X60X39            ;00008;   ,1287;   1,561;        ; 55,00; 60,00;    39; 128700,0000;1;
Q;G3601;PAIA 1 SC:36X20X13       ;37,5X21,5X14,5      ;00001;   ,0116;    ,498;        ; 37,50; 21,50;    14;  11690,6250;1;
Q;G3602;PAIA 2 SC:36X20X13       ;23,5X30,5X40,5      ;00002;   ,0290;    ,504;        ; 23,50; 30,50;    40;  29028,3750;1;
Q;G3604;PAIA 4 SC:36X20X13       ;30,5X46X40,5        ;00004;   ,0568;    ,890;        ; 30,50; 46,00;    40;  56821,5000;1;
Q;G3606;PAIA 6 SC: 36X20X13      ;45X46X40,5          ;00006;   ,0838;   1,300;        ; 45,00; 46,00;    40;  83835,0000;1;
Q;G4101;PAIA 1 SC:41X31X10,5     ;12X33X44            ;00001;   ,0174;    ,480;        ; 12,00; 33,00;    44;  17424,0000;1;
Q;G4102;PAIA 2 SC:41X31X10,5     ;23X33X44            ;00002;   ,0333;    ,710;        ; 23,00; 33,00;    44;  33396,0000;1;
Q;G4104;PAIA 4 SC:41X31X10,5     ;33X44,5X44          ;00004;   ,0646;   1,110;        ; 33,00; 44,50;    44;  64614,0000;1;
Q;G4106;PAIA 6 SC:41X31X10,5     ;34,5X66X44          ;00006;   ,1000;   1,300;        ; 34,50; 66,00;    44; 100188,0000;1;
Q;G4108;PAIA 8 SC:41X31X10,5     ;45,5X66X44          ;00008;   ,1320;   1,640;        ; 45,50; 66,00;    44; 132132,0000;1;
Q;M6501;PAIA 1  SC:65x31x10,5    ;83X50X35            ;00001;   ,1452;   2,500;        ; 83,00; 50,00;    35; 145250,0000;1;
Q;MTM01;SC:351-5492E x ART.406028;40x33x49            ;00001;   ,0646;   3,300;        ; 40,00; 33,00;    49;  64680,0000;1;
Q;PAL  ;PALLET                   ;PALLET              ;00000;        ;        ;        ;      ;      ;      ;            ;1;
Q;S2001;AMQ-01 SC:29,5x20x10,5   ;12,5X22,5X32,5      ;00001;   ,0091;    ,231;        ; 12,50; 22,50;    32;   9140,6250;1;
Q;S2002;AMQ-02 SC:29,5x20x10,5   ;22,5X23X32,5        ;00002;   ,0168;    ,364;        ; 22,50; 23,00;    32;  16818,7500;1;
Q;S2004;AMQ-04 SC:29,5x20x10,5   ;23,5X43,5X32,5      ;00004;   ,0332;    ,539;        ; 23,50; 43,50;    32;  33223,1250;1;
Q;S2006;AMQ-06 SC:29,5x20x10,5   ;34,5X43,5X32,5      ;00006;   ,0487;    ,749;        ; 34,50; 43,50;    32;  48774,3750;1;
Q;S2008;AMQ-08 SC:29,5x20x10,5   ;43,5X45,5X32,5      ;00008;   ,0643;    ,973;        ; 43,50; 45,50;    32;  64325,6250;1;
Q;S2010;AMQ-10 SC:29,5x20x10,5   ;43,5X56,5X32,5      ;00010;   ,0798;   1,085;        ; 43,50; 56,50;    32;  79876,8750;1;
Q;S2012;AMQ-12 SC:29,5x20x10,5   ;43,5X67,5X32,5      ;00012;   ,0954;   1,204;        ; 43,50; 67,50;    32;  95428,1250;1;
Q;S2015;AMQ-15 SC:29,5x20x10,5   ;56,5X64,5X32,5      ;00015;   ,1180;   1,533;        ; 56,50; 64,50;    32; 118438,1250;1;
Q;S2018;AMQ-18 SC:29,5x20x10,5   ;64,5X67,5X32,5      ;00018;   ,1414;   1,820;        ; 64,50; 67,50;    32; 141496,8750;1;
Q;S6501;AMQ-01 SC:56X31X10,5     ;12x34x59,5          ;00001;   ,0242;    ,490;        ; 12,00; 34,00;    59;  24276,0000;1;
Q;S6502;AMQ-02 SC:56X31X10,5     ;23X34X59,5          ;00002;   ,0465;    ,690;        ; 23,00; 34,00;    59;  46529,0000;1;
Q;S6504;AMQ-04 SC:56X31X10,5     ;23,5X66X59,5        ;00004;   ,0922;   1,080;        ; 23,50; 66,00;    59;  92284,5000;1;
Q;S6506;AMQ-06 SC:56X31X10,5     ;34,5X66X59,5        ;00006;   ,1350;   1,360;        ; 34,50; 66,00;    59; 135481,5000;1;
Q;S6508;AMQ-08 SC:56X31X10,5     ;45,5X66X59,5        ;00008;   ,1780;   1,680;        ; 45,50; 66,00;    59; 178678,5000;1;
Q;TMF10;IMBALLO TOM FORD DA 10 PA;64,7X39,7X34,5      ;00010;   ,0886;        ;        ; 64,70; 39,70;    34;  88616,3550;1;
Q;TMF4 ;IMBALLO TOM FORD PAIA 4  ;39,7X26X9X34X5      ;00004;   ,0368;        ;        ; 39,70; 26,90;    34;  36843,5850;1;
Q;TMF8 ;IMBALLO TOM FORD DA 8 PA ;52,1X39,7X34,5      ;00008;   ,0713;        ;        ; 52,10; 39,70;    34;  71358,7650;1;
Q;TOM08;TOM FORD 8 PAIA          ;52,1X39,7X34,5      ;00008;   ,0713;        ;        ; 52,10; 39,70;    34;  71358,7650;1;
Q;TOM10;TOM FORD 10 PAIA         ;64,7X39,7X34,5      ;00010;   ,0886;        ;        ; 64,70; 39,70;    34;  88616,3550;1;
Q;U3501;SC:35x31X13 UOMO         ;                    ;00001;        ;        ;        ;      ;      ;      ;            ;1;
