J;6  ;29    ;   ;   ;   ;6  ;   ;   ;   ;   ;   ;   ;   ;   ;   ;   ;   ;   ;   ;   ;   ;   ;   ;   ;   ;   ;   ;   ;   ;1;
J;7  ;29    ;   ;   ;   ;   ;   ;7  ;   ;   ;   ;   ;   ;   ;   ;   ;   ;   ;   ;   ;   ;   ;   ;   ;   ;   ;   ;   ;   ;1;
J;8  ;29    ;   ;   ;   ;   ;   ;   ;   ;8  ;   ;   ;   ;   ;   ;   ;   ;   ;   ;   ;   ;   ;   ;   ;   ;   ;   ;   ;   ;1;
J;9  ;29    ;   ;   ;   ;   ;   ;   ;   ;   ;   ;9  ;   ;   ;   ;   ;   ;   ;   ;   ;   ;   ;   ;   ;   ;   ;   ;   ;   ;1;
J;10 ;29    ;   ;   ;   ;   ;   ;   ;   ;   ;   ;   ;   ;10 ;   ;   ;   ;   ;   ;   ;   ;   ;   ;   ;   ;   ;   ;   ;   ;1;
J;11 ;29    ;   ;   ;   ;   ;   ;   ;   ;   ;   ;   ;   ;   ;   ;11 ;   ;   ;   ;   ;   ;   ;   ;   ;   ;   ;   ;   ;   ;1;
J;12 ;29    ;   ;   ;   ;   ;   ;   ;   ;   ;   ;   ;   ;   ;   ;   ;   ;12 ;   ;   ;   ;   ;   ;   ;   ;   ;   ;   ;   ;1;
J;13 ;29    ;   ;   ;   ;   ;   ;   ;   ;   ;   ;   ;   ;   ;   ;   ;   ;   ;   ;13 ;   ;   ;   ;   ;   ;   ;   ;   ;   ;1;
J;14 ;29    ;   ;   ;   ;   ;   ;   ;   ;   ;   ;   ;   ;   ;   ;   ;   ;   ;   ;   ;   ;14 ;   ;   ;   ;   ;   ;   ;   ;1;
J;15 ;29    ;   ;   ;   ;   ;   ;   ;   ;   ;   ;   ;   ;   ;   ;   ;   ;   ;   ;   ;   ;   ;   ;15 ;   ;   ;   ;   ;   ;1;
J;16 ;29    ;   ;   ;   ;   ;   ;   ;   ;   ;   ;   ;   ;   ;   ;   ;   ;   ;   ;   ;   ;   ;   ;   ;   ;16 ;   ;   ;   ;1;
J;4+ ;29    ;4+ ;   ;   ;   ;   ;   ;   ;   ;   ;   ;   ;   ;   ;   ;   ;   ;   ;   ;   ;   ;   ;   ;   ;   ;   ;   ;   ;1;
J;5+ ;29    ;   ;   ;5+ ;   ;   ;   ;   ;   ;   ;   ;   ;   ;   ;   ;   ;   ;   ;   ;   ;   ;   ;   ;   ;   ;   ;   ;   ;1;
J;6+ ;29    ;   ;   ;   ;   ;6+ ;   ;   ;   ;   ;   ;   ;   ;   ;   ;   ;   ;   ;   ;   ;   ;   ;   ;   ;   ;   ;   ;   ;1;
J;7+ ;29    ;   ;   ;   ;   ;   ;   ;7+ ;   ;   ;   ;   ;   ;   ;   ;   ;   ;   ;   ;   ;   ;   ;   ;   ;   ;   ;   ;   ;1;
J;8+ ;29    ;   ;   ;   ;   ;   ;   ;   ;   ;8+ ;   ;   ;   ;   ;   ;   ;   ;   ;   ;   ;   ;   ;   ;   ;   ;   ;   ;   ;1;
J;9+ ;29    ;   ;   ;   ;   ;   ;   ;   ;   ;   ;   ;9+ ;   ;   ;   ;   ;   ;   ;   ;   ;   ;   ;   ;   ;   ;   ;   ;   ;1;
J;001;21    ;1  ;1  ;1  ;1  ;1  ;1  ;1  ;   ;   ;   ;   ;   ;   ;   ;   ;   ;   ;   ;   ;   ;   ;   ;   ;   ;   ;   ;   ;1;
J;001;28    ;1  ;1  ;1  ;1  ;1  ;1  ;1  ;   ;   ;   ;   ;   ;   ;   ;   ;   ;   ;   ;   ;   ;   ;   ;   ;   ;   ;   ;   ;1;
J;002;21    ;   ;   ;   ;   ;   ;   ;   ;2  ;2  ;2  ;2  ;2  ;2  ;   ;   ;   ;   ;   ;   ;   ;   ;   ;   ;   ;   ;   ;   ;1;
J;002;28    ;   ;   ;   ;   ;   ;   ;   ;2  ;2  ;2  ;2  ;2  ;2  ;   ;   ;   ;   ;   ;   ;   ;   ;   ;   ;   ;   ;   ;   ;1;
J;003;21    ;   ;   ;   ;   ;   ;   ;   ;   ;   ;   ;   ;   ;   ;3  ;3  ;3  ;3  ;3  ;3  ;   ;   ;   ;   ;   ;   ;   ;   ;1;
J;003;28    ;   ;   ;   ;   ;   ;   ;   ;   ;   ;   ;   ;   ;   ;3  ;3  ;3  ;3  ;3  ;3  ;   ;   ;   ;   ;   ;   ;   ;   ;1;
J;004;21    ;34G;34G;34G;35G;35G;36G;36G;37G;37G;38G;38G;39G;39G;40G;40G;41G;41G;42G;42G;N  ;N  ;N  ;N  ;N  ;N  ;N  ;   ;1;
J;004;28    ;34G;34G;34G;35G;35G;36G;36G;37G;37G;38G;38G;39G;39G;40G;40G;41G;41G;42G;42G;N  ;N  ;N  ;N  ;N  ;N  ;N  ;   ;1;
J;005;29    ;1  ;1  ;1  ;1  ;1  ;1  ;2  ;2  ;2  ;2  ;3  ;3  ;3  ;3  ;4  ;4  ;4  ;4  ;4  ;4  ;4  ;4  ;4  ;4  ;N  ;N  ;   ;1;
J;006;21    ;1  ;1  ;1  ;1  ;1  ;1  ;2  ;2  ;2  ;2  ;3  ;3  ;3  ;3  ;4  ;4  ;4  ;4  ;4  ;   ;   ;   ;   ;   ;   ;   ;   ;1;
J;006;28    ;1  ;1  ;1  ;1  ;1  ;1  ;2  ;2  ;2  ;2  ;3  ;3  ;3  ;3  ;4  ;4  ;4  ;4  ;4  ;   ;   ;   ;   ;   ;   ;   ;   ;1;
J;007;21    ;   ;   ;   ;   ;   ;   ;   ;2  ;2  ;2  ;2  ;2  ;   ;   ;   ;   ;   ;   ;   ;   ;   ;   ;   ;   ;   ;   ;   ;1;
J;007;28    ;   ;   ;   ;   ;   ;   ;   ;2  ;2  ;2  ;2  ;2  ;   ;   ;   ;   ;   ;   ;   ;   ;   ;   ;   ;   ;   ;   ;   ;1;
J;008;21    ;   ;   ;   ;   ;   ;   ;   ;   ;   ;   ;   ;   ;3  ;3  ;3  ;3  ;3  ;3  ;3  ;   ;   ;   ;   ;   ;   ;   ;   ;1;
J;008;28    ;   ;   ;   ;   ;   ;   ;   ;   ;   ;   ;   ;   ;3  ;3  ;3  ;3  ;3  ;3  ;3  ;   ;   ;   ;   ;   ;   ;   ;   ;1;
J;010;21    ;34 ;34 ;34 ;34 ;35 ;35 ;36 ;36 ;37 ;37 ;38 ;38 ;39 ;39 ;40 ;40 ;41 ;41 ;41 ;N  ;N  ;N  ;N  ;N  ;N  ;N  ;   ;1;
J;010;28    ;34 ;34 ;34 ;34 ;35 ;35 ;36 ;36 ;37 ;37 ;38 ;38 ;39 ;39 ;40 ;40 ;41 ;41 ;41 ;N  ;N  ;N  ;N  ;N  ;N  ;N  ;   ;1;
J;011;21    ;1  ;1  ;1  ;1  ;1  ;1  ;2  ;2  ;2  ;2  ;3  ;3  ;3  ;3  ;4  ;4  ;4  ;4  ;4  ;N  ;N  ;N  ;N  ;N  ;N  ;N  ;   ;1;
J;011;28    ;1  ;1  ;1  ;1  ;1  ;1  ;2  ;2  ;2  ;2  ;3  ;3  ;3  ;3  ;4  ;4  ;4  ;4  ;4  ;N  ;N  ;N  ;N  ;N  ;N  ;N  ;   ;1;
J;012;21    ;1  ;1  ;1  ;1  ;1  ;1  ;1  ;1  ;   ;   ;   ;   ;   ;   ;   ;   ;   ;   ;   ;   ;   ;   ;   ;   ;   ;   ;   ;1;
J;012;28    ;   ;   ;   ;   ;   ;   ;   ;   ;   ;   ;   ;   ;   ;   ;   ;   ;   ;   ;   ;   ;   ;   ;   ;   ;   ;   ;   ;1;
J;013;21    ;   ;   ;   ;   ;   ;   ;   ;   ;2  ;2  ;2  ;2  ;   ;   ;   ;   ;   ;   ;   ;   ;   ;   ;   ;   ;   ;   ;   ;1;
J;013;28    ;   ;   ;   ;   ;   ;   ;   ;   ;   ;   ;   ;   ;   ;   ;   ;   ;   ;   ;   ;   ;   ;   ;   ;   ;   ;   ;   ;1;
J;014;21    ;34G;34G;34G;34G;35G;35G;36G;36G;37G;37G;38G;38G;39G;39G;40G;40G;42G;42G;42G;   ;   ;   ;   ;   ;   ;   ;   ;1;
J;014;28    ;34G;34G;34G;34G;35G;35G;36G;36G;37G;37G;38G;38G;39G;39G;40G;40G;41G;41G;41G;   ;   ;   ;   ;   ;   ;   ;   ;1;
J;015;21    ;34 ;34 ;34 ;34 ;35 ;35 ;36 ;36 ;37 ;37 ;38 ;38 ;39 ;39 ;40 ;40 ;41 ;41 ;42 ;42 ;   ;   ;   ;   ;   ;   ;   ;1;
J;015;28    ;34 ;34 ;34 ;34 ;35 ;35 ;36 ;36 ;37 ;37 ;38 ;38 ;39 ;39 ;40 ;40 ;41 ;41 ;42 ;42 ;   ;   ;   ;   ;   ;   ;   ;1;
J;016;29    ;0  ;0  ;0  ;0  ;0  ;1  ;1  ;1  ;1  ;2  ;2  ;2  ;2  ;3  ;3  ;3  ;3  ;4  ;4  ;4  ;4  ;4  ;4  ;   ;   ;   ;   ;1;
J;017;29    ;5  ;5  ;5  ;5  ;5  ;7  ;7  ;7  ;7  ;9  ;9  ;9  ;9  ;3  ;3  ;3  ;3  ;4  ;4  ;4  ;4  ;4  ;4  ;   ;   ;   ;   ;1;
J;018;21    ;1  ;1  ;1  ;1  ;1  ;1  ;1  ;1  ;   ;   ;   ;   ;   ;   ;   ;   ;   ;   ;   ;   ;   ;   ;   ;   ;   ;   ;   ;1;
J;018;28    ;1  ;1  ;1  ;1  ;1  ;1  ;1  ;1  ;   ;   ;   ;   ;   ;   ;   ;   ;   ;   ;   ;   ;   ;   ;   ;   ;   ;   ;   ;1;
J;019;21    ;   ;   ;   ;   ;   ;   ;   ;   ;2  ;2  ;2  ;2  ;2  ;2  ;2  ;2  ;2  ;2  ;2  ;2  ;2  ;   ;   ;   ;   ;   ;   ;1;
J;019;28    ;   ;   ;   ;   ;   ;   ;   ;   ;2  ;2  ;2  ;2  ;2  ;2  ;2  ;2  ;2  ;2  ;2  ;2  ;2  ;   ;   ;   ;   ;   ;   ;1;
J;020;29    ;120;120;120;120;120;120;120;120;120;120;120;   ;   ;   ;   ;   ;   ;   ;   ;   ;   ;   ;   ;   ;   ;   ;   ;1;
J;021;29    ;   ;   ;   ;   ;   ;   ;   ;   ;   ;   ;   ;130;130;130;130;130;130;130;130;130;130;130;130;130;130;130;   ;1;
J;022;29    ;5  ;5  ;5  ;6  ;6  ;7  ;7  ;8  ;8  ;9  ;9  ;10 ;10 ;11 ;11 ;12 ;12 ;13 ;13 ;14 ;14 ;14 ;   ;   ;   ;   ;   ;1;
J;023;29    ;1  ;1  ;1  ;1  ;1  ;2  ;2  ;2  ;2  ;3  ;3  ;3  ;3  ;4  ;4  ;4  ;4  ;5  ;5  ;5  ;5  ;5  ;5  ;5  ;5  ;5  ;   ;1;
J;024;29    ;5  ;5  ;5  ;6  ;6  ;7  ;7  ;8  ;8  ;9  ;9  ;10 ;10 ;11 ;11 ;12 ;12 ;13 ;13 ;14 ;14 ;15 ;15 ;15 ;15 ;15 ;   ;1;
J;025;29    ;1  ;1  ;1  ;1  ;1  ;1  ;1  ;2  ;2  ;2  ;2  ;2  ;2  ;3  ;3  ;3  ;3  ;3  ;3  ;4  ;4  ;4  ;4  ;4  ;4  ;4  ;   ;1;
J;026;29    ;1  ;1  ;1  ;1  ;1  ;1  ;1  ;1  ;1  ;1  ;1  ;   ;   ;   ;   ;   ;   ;   ;   ;   ;   ;   ;   ;   ;   ;   ;   ;1;
J;027;29    ;   ;   ;   ;   ;   ;   ;   ;   ;   ;   ;   ;10 ;10 ;10 ;10 ;10 ;10 ;10 ;10 ;10 ;10 ;10 ;10 ;10 ;10 ;10 ;   ;1;
J;028;21    ;001;001;001;001;001;001;001;001;001;   ;   ;   ;   ;   ;   ;   ;   ;   ;   ;   ;   ;   ;   ;   ;   ;   ;   ;1;
J;028;28    ;001;001;001;001;001;001;001;001;001;   ;   ;   ;   ;   ;   ;   ;   ;   ;   ;   ;   ;XC ;   ;   ;   ;   ;   ;1;
J;029;21    ;   ;   ;   ;   ;   ;   ;   ;   ;   ;002;002;002;002;002;002;   ;   ;   ;   ;   ;   ;   ;   ;   ;   ;   ;   ;1;
J;029;28    ;   ;   ;   ;   ;   ;   ;   ;   ;   ;002;002;002;002;002;002;   ;   ;   ;   ;   ;   ;   ;   ;   ;   ;   ;   ;1;
J;030;21    ;   ;   ;   ;   ;   ;   ;   ;   ;   ;   ;   ;   ;   ;   ;   ;003;003;003;003;003;003;003;003;003;003;003;   ;1;
J;030;28    ;   ;   ;   ;   ;   ;   ;   ;   ;   ;   ;   ;   ;   ;   ;   ;003;003;003;003;003;003;003;003;003;003;003;   ;1;
J;031;21    ;001;001;001;001;001;001;001;001;001;001;001;   ;   ;   ;   ;   ;   ;   ;   ;   ;   ;   ;   ;   ;   ;   ;   ;1;
J;031;28    ;001;001;001;001;001;001;001;001;001;001;001;   ;   ;   ;   ;   ;   ;   ;   ;   ;   ;   ;   ;   ;   ;   ;   ;1;
J;032;21    ;   ;   ;   ;   ;   ;   ;   ;   ;   ;   ;   ;002;002;002;002;002;002;002;002;002;002;002;002;002;002;002;   ;1;
J;032;28    ;   ;   ;   ;   ;   ;   ;   ;   ;   ;   ;   ;002;002;002;002;002;002;002;002;002;002;002;002;002;002;002;   ;1;
J;033;29    ;5  ;5  ;5  ;6  ;6  ;7  ;7  ;8  ;8  ;9  ;9  ;10 ;10 ;11 ;11 ;12 ;12 ;13 ;13 ;14 ;14 ;15 ;15 ;16 ;16 ;16 ;   ;1;
J;034;21    ;1  ;1  ;1  ;1  ;1  ;1  ;1  ;1  ;1  ;1  ;   ;   ;   ;   ;   ;   ;   ;   ;   ;   ;   ;   ;   ;   ;   ;   ;   ;1;
J;034;28    ;1  ;1  ;1  ;1  ;1  ;1  ;1  ;1  ;1  ;1  ;   ;   ;   ;   ;   ;   ;   ;   ;   ;   ;   ;   ;   ;   ;   ;   ;   ;1;
J;035;21    ;   ;   ;   ;   ;   ;   ;   ;   ;   ;   ;2  ;2  ;2  ;2  ;2  ;2  ;2  ;2  ;2  ;2  ;2  ;2  ;2  ;2  ;2  ;2  ;   ;1;
J;035;28    ;   ;   ;   ;   ;   ;   ;   ;   ;   ;   ;2  ;2  ;2  ;2  ;2  ;2  ;2  ;2  ;2  ;2  ;2  ;2  ;2  ;2  ;2  ;2  ;   ;1;
J;036;29    ;5  ;5  ;5  ;6  ;6  ;7  ;7  ;8  ;8  ;9  ;9  ;10 ;10 ;11 ;11 ;12 ;12 ;13 ;13 ;14 ;14 ;15 ;15 ;16 ;16 ;16 ;   ;1;
J;037;21    ;001;001;001;001;001;001;001;001;001;002;002;002;002;002;002;003;003;003;003;003;003;003;003;003;003;003;   ;1;
J;037;28    ;001;001;001;001;001;001;001;001;001;002;002;002;002;002;002;003;003;003;003;003;003;003;003;003;003;003;   ;1;
J;038;21    ;1  ;1  ;1  ;1  ;1  ;1  ;1  ;1  ;1  ;1  ;1  ;2  ;2  ;2  ;2  ;2  ;2  ;2  ;2  ;2  ;2  ;2  ;2  ;2  ;2  ;2  ;   ;1;
J;038;28    ;001;001;001;001;001;001;001;001;001;001;001;002;002;002;002;002;002;002;002;002;002;002;002;002;002;002;   ;1;
J;039;29    ;5  ;5  ;5  ;6  ;6  ;7  ;7  ;8  ;8  ;9  ;9  ;10 ;10 ;11 ;11 ;12 ;12 ;13 ;13 ;14 ;14 ;15 ;15 ;   ;   ;   ;   ;1;
J;040;21    ;130;130;130;130;130;130;130;130;130;130;   ;   ;   ;   ;   ;   ;   ;   ;   ;   ;   ;   ;   ;   ;   ;   ;   ;1;
J;040;28    ;130;130;130;130;130;130;130;130;130;130;   ;   ;   ;   ;   ;   ;   ;   ;   ;   ;   ;   ;   ;   ;   ;   ;   ;1;
J;041;21    ;   ;   ;   ;   ;   ;   ;   ;   ;   ;   ;140;140;140;140;140;140;140;140;140;140;140;140;140;140;140;140;   ;1;
J;041;28    ;   ;   ;   ;   ;   ;   ;   ;   ;   ;   ;140;140;140;140;140;140;140;140;140;140;140;140;140;140;140;140;   ;1;
J;042;29    ;1  ;1  ;1  ;1  ;1  ;1  ;1  ;2  ;2  ;2  ;2  ;3  ;3  ;3  ;3  ;4  ;4  ;4  ;4  ;4  ;4  ;4  ;4  ;   ;   ;   ;   ;1;
J;043;21    ;34 ;34 ;34 ;34 ;35 ;35 ;36 ;36 ;37 ;37 ;38 ;38 ;39 ;39 ;40 ;40 ;41 ;41 ;41 ;   ;   ;   ;   ;   ;   ;   ;   ;1;
J;043;28    ;34 ;34 ;34 ;34 ;35 ;35 ;36 ;36 ;37 ;37 ;38 ;38 ;39 ;39 ;40 ;40 ;42 ;42 ;42 ;   ;   ;   ;   ;   ;   ;   ;   ;1;
J;044;21    ;34 ;34 ;34 ;35 ;35 ;36 ;36 ;37 ;37 ;38 ;38 ;39 ;39 ;40 ;40 ;41 ;41 ;42 ;42 ;   ;   ;   ;   ;   ;   ;   ;   ;1;
J;044;28    ;34 ;34 ;34 ;35 ;35 ;36 ;36 ;37 ;37 ;38 ;38 ;39 ;39 ;40 ;40 ;41 ;41 ;42 ;42 ;   ;   ;   ;   ;   ;   ;   ;   ;1;
J;045;29    ;5  ;5  ;5  ;6  ;6  ;7  ;7  ;8  ;8  ;9  ;9  ;10 ;10 ;11 ;11 ;12 ;12 ;13 ;13 ;14 ;14 ;15 ;15 ;16 ;16 ;17 ;   ;1;
J;046;21    ;1  ;1  ;1  ;1  ;1  ;1  ;1  ;1  ;1  ;2  ;2  ;2  ;2  ;2  ;2  ;3  ;3  ;3  ;3  ;3  ;3  ;3  ;3  ;3  ;3  ;3  ;   ;1;
J;046;28    ;1  ;1  ;1  ;1  ;1  ;1  ;1  ;1  ;1  ;2  ;2  ;2  ;2  ;2  ;2  ;3  ;3  ;3  ;3  ;3  ;3  ;3  ;3  ;3  ;3  ;3  ;   ;1;
J;047;21    ;35 ;35 ;35 ;35 ;35 ;37 ;37 ;37 ;37 ;39 ;39 ;39 ;39 ;41 ;41 ;41 ;41 ;41 ;41 ;41 ;41 ;41 ;41 ;41 ;41 ;41 ;   ;1;
J;047;28    ;35 ;35 ;35 ;35 ;35 ;37 ;37 ;37 ;37 ;39 ;39 ;39 ;39 ;41 ;41 ;41 ;41 ;41 ;41 ;41 ;41 ;41 ;41 ;41 ;41 ;41 ;   ;1;
J;048;29    ;5  ;5  ;5  ;6  ;6  ;7  ;7  ;8  ;8  ;9  ;9  ;10 ;10 ;11 ;11 ;12 ;12 ;13 ;13 ;14 ;14 ;15 ;15 ;15 ;15 ;   ;   ;1;
J;049;21    ;34 ;34 ;34 ;34 ;35 ;35 ;36 ;36 ;37 ;37 ;38 ;38 ;39 ;39 ;40 ;40 ;41 ;41 ;42 ;42 ;   ;   ;   ;   ;   ;   ;   ;1;
J;049;28    ;34 ;34 ;34 ;34 ;35 ;35 ;36 ;36 ;37 ;37 ;38 ;38 ;39 ;39 ;40 ;40 ;41 ;41 ;42 ;42 ;   ;   ;   ;   ;   ;   ;   ;1;
J;050;29    ;1  ;1  ;1  ;1  ;1  ;2  ;2  ;2  ;2  ;2  ;2  ;3  ;3  ;3  ;3  ;3  ;3  ;4  ;4  ;4  ;4  ;4  ;4  ;4  ;4  ;4  ;   ;1;
J;051;21    ;34 ;34 ;34 ;34 ;35 ;35 ;36 ;36 ;37 ;37 ;38 ;38 ;39 ;39 ;40 ;40 ;41 ;41 ;42 ;   ;   ;   ;   ;   ;   ;   ;   ;1;
J;051;28    ;34 ;34 ;34 ;34 ;35 ;35 ;36 ;36 ;37 ;37 ;38 ;38 ;39 ;39 ;40 ;40 ;41 ;41 ;42 ;   ;   ;   ;   ;   ;   ;   ;   ;1;
J;052;21    ;37 ;37 ;37 ;37 ;37 ;37 ;37 ;37 ;37 ;37 ;38 ;38 ;39 ;39 ;40 ;40 ;41 ;41 ;42 ;42 ;43 ;43 ;44 ;44 ;45 ;45 ;   ;1;
J;052;28    ;37 ;37 ;37 ;37 ;37 ;37 ;37 ;37 ;37 ;37 ;38 ;38 ;39 ;39 ;40 ;40 ;41 ;41 ;42 ;42 ;43 ;43 ;44 ;44 ;45 ;45 ;   ;1;
J;053;21    ;34 ;34 ;34 ;34 ;35 ;35 ;36 ;36 ;37 ;37 ;38 ;38 ;39 ;39 ;40 ;40 ;41 ;41 ;41 ;41 ;   ;   ;   ;   ;   ;   ;   ;1;
J;053;28    ;34 ;34 ;34 ;34 ;35 ;35 ;36 ;36 ;37 ;37 ;38 ;38 ;39 ;39 ;40 ;40 ;41 ;41 ;41 ;41 ;   ;   ;   ;   ;   ;   ;   ;1;
J;054;21    ;1  ;1  ;1  ;1  ;1  ;1  ;2  ;2  ;2  ;2  ;3  ;3  ;3  ;3  ;4  ;4  ;4  ;4  ;4  ;   ;   ;   ;   ;   ;   ;   ;   ;1;
J;054;28    ;1  ;1  ;1  ;1  ;1  ;1  ;2  ;2  ;2  ;2  ;3  ;3  ;3  ;3  ;4  ;4  ;4  ;4  ;4  ;   ;   ;   ;   ;   ;   ;   ;   ;1;
J;055;21    ;4/5;4/5;4/5;4/5;4/5;4/5;36 ;36 ;37 ;37 ;38 ;38 ;39 ;39 ;42 ;42 ;42 ;42 ;42 ;   ;   ;   ;   ;   ;   ;   ;   ;1;
J;055;28    ;4/5;4/5;4/5;4/5;4/5;4/5;36 ;36 ;37 ;37 ;38 ;38 ;39 ;39 ;42 ;42 ;42 ;42 ;42 ;   ;   ;   ;   ;   ;   ;   ;   ;1;
J;056;21    ;34 ;34 ;34 ;34 ;35 ;35 ;36 ;36 ;37 ;37 ;38 ;38 ;39 ;39 ;40 ;40 ;41 ;41 ;42 ;42 ;   ;   ;   ;   ;   ;   ;   ;1;
J;056;28    ;34 ;34 ;34 ;34 ;35 ;35 ;36 ;36 ;37 ;37 ;38 ;38 ;39 ;39 ;40 ;40 ;41 ;41 ;42 ;42 ;   ;   ;   ;   ;   ;   ;   ;1;
J;057;21    ;1  ;1  ;1  ;1  ;1  ;1  ;2  ;2  ;2  ;2  ;3  ;3  ;3  ;3  ;4  ;4  ;4  ;4  ;4  ;   ;   ;   ;   ;   ;   ;   ;   ;1;
J;057;28    ;1  ;1  ;1  ;1  ;1  ;1  ;2  ;2  ;2  ;2  ;3  ;3  ;3  ;3  ;4  ;4  ;4  ;4  ;4  ;4  ;4  ;4  ;4  ;4  ;4  ;4  ;   ;1;
J;058;21    ;34/;34/;34/;34/;34/;34/;036;036;037;037;038;038;039;039;40/;40/;40/;40/;40/;40/;40/;   ;   ;   ;   ;   ;   ;1;
J;058;28    ;34/;34/;34/;34/;34/;34/;036;036;037;037;038;038;039;039;40/;40/;40/;40/;40/;40/;40/;   ;   ;   ;   ;   ;   ;1;
J;059;21    ;001;001;001;001;001;001;001;001;002;002;002;002;003;003;003;003;003;003;003;003;003;   ;   ;   ;   ;   ;   ;1;
J;059;28    ;001;001;001;001;001;001;001;001;002;002;002;002;003;003;003;003;003;003;003;003;003;   ;   ;   ;   ;   ;   ;1;
J;060;21    ;001;001;001;001;001;001;002;002;002;002;003;003;003;003;004;004;004;004;004;004;004;004;004;004;004;004;   ;1;
J;060;28    ;001;001;001;001;001;001;002;002;002;002;003;003;003;003;004;004;004;004;004;004;004;004;004;004;004;004;   ;1;
J;061;21    ;001;001;001;001;001;001;002;002;002;002;003;003;003;003;004;004;004;004;004;004;004;004;004;004;004;004;   ;1;
J;061;28    ;001;001;001;001;001;001;002;002;002;002;003;003;003;003;004;004;004;004;004;004;004;004;004;004;004;004;   ;1;
J;062;21    ;   ;   ;   ;   ;   ;   ;   ;   ;001;001;001;001;001;001;   ;   ;   ;   ;   ;   ;   ;   ;   ;   ;   ;   ;   ;1;
J;062;28    ;   ;   ;   ;   ;   ;   ;   ;   ;001;001;001;001;001;001;   ;   ;   ;   ;   ;   ;   ;   ;   ;   ;   ;   ;   ;1;
J;063;21    ;001;001;001;001;001;001;001;001;   ;   ;   ;   ;   ;   ;   ;   ;   ;   ;   ;   ;   ;   ;   ;   ;   ;   ;   ;1;
J;063;28    ;001;001;001;001;001;001;001;001;   ;   ;   ;   ;   ;   ;   ;   ;   ;   ;   ;   ;   ;   ;   ;   ;   ;   ;   ;1;
J;064;21    ;   ;   ;   ;   ;   ;   ;   ;   ;   ;   ;   ;   ;   ;   ;001;001;001;001;001;001;001;001;001;   ;   ;   ;   ;1;
J;064;28    ;   ;   ;   ;   ;   ;   ;   ;   ;   ;   ;   ;   ;   ;   ;001;001;001;001;001;001;001;001;001;   ;   ;   ;   ;1;
J;065;21    ;001;001;001;001;001;001;001;001;002;002;002;002;003;003;003;003;004;004;004;004;   ;   ;   ;   ;   ;   ;   ;1;
J;065;28    ;001;001;001;001;001;001;001;001;002;002;002;002;003;003;003;003;004;004;004;004;   ;   ;   ;   ;   ;   ;   ;1;
J;066;29    ;001;001;001;001;001;001;001;001;001;001;001;001;   ;   ;   ;   ;   ;   ;   ;   ;   ;   ;   ;   ;   ;   ;   ;1;
J;067;29    ;   ;   ;   ;   ;   ;   ;   ;   ;   ;   ;   ;   ;002;002;002;002;002;002;002;002;002;002;002;002;002;002;   ;1;
J;068;29    ;005;005;005;006;006;007;007;008;008;009;009;010;010;011;011;012;012;013;013;   ;   ;   ;   ;   ;014;014;   ;1;
J;069;29    ;006;006;006;006;006;006;006;009;009;009;009;009;009;012;012;012;012;012;012;015;015;015;015;015;015;015;   ;1;
J;070;21    ;034;034;034;034;035;035;036;036;037;037;038;038;039;039;040;040;041;041;041;041;   ;   ;   ;   ;   ;   ;   ;1;
J;070;28    ;034;034;034;034;035;035;036;036;037;037;038;038;039;039;040;040;041;041;041;041;   ;   ;   ;   ;   ;   ;   ;1;
J;071;21    ;   ;   ;   ;   ;   ;   ;   ;   ;   ;   ;587;587;587;587;   ;   ;   ;   ;   ;   ;   ;   ;   ;   ;   ;   ;   ;1;
J;071;28    ;   ;   ;   ;   ;   ;   ;   ;   ;   ;   ;587;587;587;587;   ;   ;   ;   ;   ;   ;   ;   ;   ;   ;   ;   ;   ;1;
J;072;21    ;   ;   ;   ;   ;   ;   ;556;556;556;556;   ;   ;   ;   ;   ;   ;   ;   ;   ;   ;   ;   ;   ;   ;   ;   ;   ;1;
J;072;28    ;   ;   ;   ;   ;   ;   ;556;556;556;556;   ;   ;   ;   ;   ;   ;   ;   ;   ;   ;   ;   ;   ;   ;   ;   ;   ;1;
J;073;21    ;586;586;586;586;586;586;   ;   ;   ;   ;   ;   ;   ;   ;   ;   ;   ;   ;   ;   ;   ;   ;   ;   ;   ;   ;   ;1;
J;073;28    ;586;586;586;586;586;586;   ;   ;   ;   ;   ;   ;   ;   ;   ;   ;   ;   ;   ;   ;   ;   ;   ;   ;   ;   ;   ;1;
J;074;21    ;   ;   ;   ;   ;   ;   ;   ;   ;   ;   ;   ;   ;   ;   ;588;588;588;588;588;   ;   ;   ;   ;   ;   ;   ;   ;1;
J;074;28    ;   ;   ;   ;   ;   ;   ;   ;   ;   ;   ;   ;   ;   ;   ;588;588;588;588;588;   ;   ;   ;   ;   ;   ;   ;   ;1;
J;075;21    ;34 ;34 ;34 ;34 ;35 ;35 ;36 ;36 ;37 ;37 ;38 ;38 ;39 ;39 ;40 ;40 ;41 ;41 ;42 ;42 ;43 ;43 ;43 ;43 ;43 ;43 ;   ;1;
J;075;28    ;34 ;34 ;34 ;34 ;35 ;35 ;36 ;36 ;37 ;37 ;38 ;38 ;39 ;39 ;40 ;40 ;41 ;41 ;42 ;42 ;43 ;43 ;43 ;43 ;43 ;43 ;   ;1;
J;076;21    ;34 ;34 ;34 ;34 ;35 ;35 ;36 ;36 ;37 ;37 ;38 ;38 ;39 ;39 ;40 ;40 ;41 ;41 ;42 ;42 ;43 ;43 ;44 ;0  ;0  ;0  ;   ;1;
J;076;28    ;34 ;34 ;34 ;34 ;35 ;35 ;36 ;36 ;37 ;37 ;38 ;38 ;39 ;39 ;40 ;40 ;41 ;41 ;42 ;42 ;43 ;43 ;44 ;0  ;0  ;0  ;   ;1;
J;077;21    ;   ;   ;   ;   ;   ;   ;   ;134;134;134;134;134;134;134;134;134;134;134;134;134;134;134;134;   ;   ;   ;   ;1;
J;077;28    ;   ;   ;   ;   ;   ;   ;   ;134;134;134;134;134;134;134;134;134;134;134;134;134;134;134;134;   ;   ;   ;   ;1;
J;078;21    ;   ;   ;193;193;193;193;193;   ;   ;   ;   ;   ;   ;   ;   ;   ;   ;   ;   ;   ;   ;   ;   ;   ;   ;   ;   ;1;
J;078;28    ;   ;   ;193;193;193;193;193;   ;   ;   ;   ;   ;   ;   ;   ;   ;   ;   ;   ;   ;   ;   ;   ;   ;   ;   ;   ;1;
J;079;21    ;PIC;PIC;PIC;PIC;PIC;PIC;MED;MED;MED;MED;GRA;GRA;GRA;GRA;GRA;GRA;GRA;GRA;GRA;GRA;GRA;GRA;GRA;GRA;GRA;GRA;   ;1;
J;079;28    ;PIC;PIC;PIC;PIC;PIC;PIC;MED;MED;MED;MED;GRA;GRA;GRA;GRA;GRA;GRA;GRA;GRA;GRA;GRA;GRA;GRA;GRA;GRA;GRA;GRA;   ;1;
J;080;29    ;1  ;1  ;1  ;1  ;1  ;2  ;2  ;2  ;2  ;3  ;3  ;3  ;3  ;4  ;4  ;4  ;4  ;4  ;4  ;4  ;4  ;4  ;4  ;4  ;4  ;4  ;   ;1;
J;081;29    ;004;005;005;006;006;007;007;008;008;009;009;010;010;011;011;012;012;013;013;014;014;015;015;016;016;017;   ;1;
J;082;29    ;001;001;001;001;001;002;002;002;002;003;003;003;003;004;004;004;004;004;004;005;005;005;005;005;005;005;   ;1;
J;10 ;29    ;   ;   ;   ;   ;   ;   ;   ;   ;   ;   ;   ;10 ;   ;   ;   ;   ;   ;   ;   ;   ;   ;   ;   ;   ;   ;   ;   ;1;
J;10+;29    ;   ;   ;   ;   ;   ;   ;   ;   ;   ;   ;   ;   ;10+;   ;   ;   ;   ;   ;   ;   ;   ;   ;   ;   ;   ;   ;   ;1;
J;11 ;29    ;   ;   ;   ;   ;   ;   ;   ;   ;   ;   ;   ;   ;   ;11 ;   ;   ;   ;   ;   ;   ;   ;   ;   ;   ;   ;   ;   ;1;
J;11+;29    ;   ;   ;   ;   ;   ;   ;   ;   ;   ;   ;   ;   ;   ;   ;11+;   ;   ;   ;   ;   ;   ;   ;   ;   ;   ;   ;   ;1;
J;12 ;29    ;   ;   ;   ;   ;   ;   ;   ;   ;   ;   ;   ;   ;   ;   ;   ;12 ;   ;   ;   ;   ;   ;   ;   ;   ;   ;   ;   ;1;
J;12+;29    ;   ;   ;   ;   ;   ;   ;   ;   ;   ;   ;   ;   ;   ;   ;   ;   ;12+;   ;   ;   ;   ;   ;   ;   ;   ;   ;   ;1;
J;13 ;29    ;   ;   ;   ;   ;   ;   ;   ;   ;   ;   ;   ;   ;   ;   ;   ;   ;   ;13 ;   ;   ;   ;   ;   ;   ;   ;   ;   ;1;
J;13+;29    ;   ;   ;   ;   ;   ;   ;   ;   ;   ;   ;   ;   ;   ;   ;   ;   ;   ;   ;13+;   ;   ;   ;   ;   ;   ;   ;   ;1;
J;14 ;29    ;   ;   ;   ;   ;   ;   ;   ;   ;   ;   ;   ;   ;   ;   ;   ;   ;   ;   ;   ;14 ;   ;   ;   ;   ;   ;   ;   ;1;
J;14+;29    ;   ;   ;   ;   ;   ;   ;   ;   ;   ;   ;   ;   ;   ;   ;   ;   ;   ;   ;   ;   ;14+;   ;   ;   ;   ;   ;   ;1;
J;15 ;29    ;   ;   ;   ;   ;   ;   ;   ;   ;   ;   ;   ;   ;   ;   ;   ;   ;   ;   ;   ;   ;   ;15 ;   ;   ;   ;   ;   ;1;
J;15+;29    ;   ;   ;   ;   ;   ;   ;   ;   ;   ;   ;   ;   ;   ;   ;   ;   ;   ;   ;   ;   ;   ;   ;15+;   ;   ;   ;   ;1;
J;16 ;29    ;   ;   ;   ;   ;   ;   ;   ;   ;   ;   ;   ;   ;   ;   ;   ;   ;   ;   ;   ;   ;   ;   ;   ;16 ;   ;   ;   ;1;
J;16+;29    ;   ;   ;   ;   ;   ;   ;   ;   ;   ;   ;   ;   ;   ;   ;   ;   ;   ;   ;   ;   ;   ;   ;   ;   ;16+;   ;   ;1;
J;160;28    ;37 ;37 ;37 ;37 ;37 ;37 ;37 ;37 ;37 ;   ;   ;   ;   ;   ;   ;   ;   ;   ;   ;   ;   ;   ;   ;   ;   ;   ;   ;1;
J;260;28    ;   ;   ;   ;   ;   ;   ;   ;   ;   ;   ;   ;   ;   ;   ;   ;   ;   ;   ;   ;   ;   ;   ;   ;   ;   ;   ;   ;1;
J;34+;28    ;   ;   ;   ;34+;   ;   ;   ;   ;   ;   ;   ;   ;   ;   ;   ;   ;   ;   ;   ;   ;   ;   ;   ;   ;   ;   ;   ;1;
J;34U;28    ;   ;   ;34 ;   ;   ;   ;   ;   ;   ;   ;   ;   ;   ;   ;   ;   ;   ;   ;   ;   ;   ;   ;   ;   ;   ;   ;   ;1;
J;35+;28    ;   ;   ;   ;   ;   ;35+;   ;   ;   ;   ;   ;   ;   ;   ;   ;   ;   ;   ;   ;   ;   ;   ;   ;   ;   ;   ;   ;1;
J;35U;28    ;   ;   ;   ;   ;35 ;   ;   ;   ;   ;   ;   ;   ;   ;   ;   ;   ;   ;   ;   ;   ;   ;   ;   ;   ;   ;   ;   ;1;
J;36+;28    ;   ;   ;   ;   ;   ;   ;   ;36+;   ;   ;   ;   ;   ;   ;   ;   ;   ;   ;   ;   ;   ;   ;   ;   ;   ;   ;   ;1;
J;36U;28    ;   ;   ;   ;   ;   ;   ;36 ;   ;   ;   ;   ;   ;   ;   ;   ;   ;   ;   ;   ;   ;   ;   ;   ;   ;   ;   ;   ;1;
J;37+;28    ;   ;   ;   ;   ;   ;   ;   ;   ;   ;37+;   ;   ;   ;   ;   ;   ;   ;   ;   ;   ;   ;   ;   ;   ;   ;   ;   ;1;
J;37U;28    ;   ;   ;   ;   ;   ;   ;   ;   ;37 ;   ;   ;   ;   ;   ;   ;   ;   ;   ;   ;   ;   ;   ;   ;   ;   ;   ;   ;1;
J;38+;28    ;   ;   ;   ;   ;   ;   ;   ;   ;   ;   ;   ;38+;   ;   ;   ;   ;   ;   ;   ;   ;   ;   ;   ;   ;   ;   ;   ;1;
J;38U;28    ;   ;   ;   ;   ;   ;   ;   ;   ;   ;   ;38 ;   ;   ;   ;   ;   ;   ;   ;   ;   ;   ;   ;   ;   ;   ;   ;   ;1;
J;39+;28    ;   ;   ;   ;   ;   ;   ;   ;   ;   ;   ;   ;   ;   ;39+;   ;   ;   ;   ;   ;   ;   ;   ;   ;   ;   ;   ;   ;1;
J;39U;28    ;   ;   ;   ;   ;   ;   ;   ;   ;   ;   ;   ;   ;39 ;   ;   ;   ;   ;   ;   ;   ;   ;   ;   ;   ;   ;   ;   ;1;
J;4+ ;29    ;4+ ;   ;   ;   ;   ;   ;   ;   ;   ;   ;   ;   ;   ;   ;   ;   ;   ;   ;   ;   ;   ;   ;   ;   ;   ;   ;   ;1;
J;40+;28    ;   ;   ;   ;   ;   ;   ;   ;   ;   ;   ;   ;   ;   ;   ;   ;40+;   ;   ;   ;   ;   ;   ;   ;   ;   ;   ;   ;1;
J;40U;28    ;   ;   ;   ;   ;   ;   ;   ;   ;   ;   ;   ;   ;   ;   ;40 ;   ;   ;   ;   ;   ;   ;   ;   ;   ;   ;   ;   ;1;
J;41+;28    ;   ;   ;   ;   ;   ;   ;   ;   ;   ;   ;   ;   ;   ;   ;   ;   ;   ;41+;   ;   ;   ;   ;   ;   ;   ;   ;   ;1;
J;41U;28    ;   ;   ;   ;   ;   ;   ;   ;   ;   ;   ;   ;   ;   ;   ;   ;   ;41 ;   ;   ;   ;   ;   ;   ;   ;   ;   ;   ;1;
J;42U;28    ;   ;   ;   ;   ;   ;   ;   ;   ;   ;   ;   ;   ;   ;   ;   ;   ;   ;   ;42 ;   ;   ;   ;   ;   ;   ;   ;   ;1;
J;5  ;29    ;   ;5  ;   ;   ;   ;   ;   ;   ;   ;   ;   ;   ;   ;   ;   ;   ;   ;   ;   ;   ;   ;   ;   ;   ;   ;   ;   ;1;
J;5+ ;29    ;   ;   ;5+ ;   ;   ;   ;   ;   ;   ;   ;   ;   ;   ;   ;   ;   ;   ;   ;   ;   ;   ;   ;   ;   ;   ;   ;   ;1;
J;6  ;29    ;   ;   ;   ;6  ;   ;   ;   ;   ;   ;   ;   ;   ;   ;   ;   ;   ;   ;   ;   ;   ;   ;   ;   ;   ;   ;   ;   ;1;
J;6+ ;29    ;   ;   ;   ;   ;6+ ;   ;   ;   ;   ;   ;   ;   ;   ;   ;   ;   ;   ;   ;   ;   ;   ;   ;   ;   ;   ;   ;   ;1;
J;7  ;29    ;   ;   ;   ;   ;   ;7  ;   ;   ;   ;   ;   ;   ;   ;   ;   ;   ;   ;   ;   ;   ;   ;   ;   ;   ;   ;   ;   ;1;
J;7+ ;29    ;   ;   ;   ;   ;   ;   ;7+ ;   ;   ;   ;   ;   ;   ;   ;   ;   ;   ;   ;   ;   ;   ;   ;   ;   ;   ;   ;   ;1;
J;8  ;29    ;   ;   ;   ;   ;   ;   ;   ;8  ;   ;   ;   ;   ;   ;   ;   ;   ;   ;   ;   ;   ;   ;   ;   ;   ;   ;   ;   ;1;
J;8+ ;29    ;   ;   ;   ;   ;   ;   ;   ;   ;8+ ;   ;   ;   ;   ;   ;   ;   ;   ;   ;   ;   ;   ;   ;   ;   ;   ;   ;   ;1;
J;80 ;29    ;1  ;1  ;1  ;1  ;1  ;2  ;2  ;2  ;2  ;3  ;3  ;3  ;3  ;4  ;4  ;4  ;4  ;4  ;4  ;4  ;4  ;4  ;4  ;4  ;4  ;4  ;   ;1;
J;9  ;29    ;   ;   ;   ;   ;   ;   ;   ;   ;   ;9  ;   ;   ;   ;   ;   ;   ;   ;   ;   ;   ;   ;   ;   ;   ;   ;   ;   ;1;
J;9+ ;29    ;   ;   ;   ;   ;   ;   ;   ;   ;   ;   ;9+ ;   ;   ;   ;   ;   ;   ;   ;   ;   ;   ;   ;   ;   ;   ;   ;   ;1;
J;AB1;29    ;   ;   ;   ;   ;   ;   ;   ;2  ;2  ;2  ;2  ;2  ;2  ;2  ;2  ;2  ;2  ;2  ;2  ;2  ;2  ;2  ;2  ;2  ;2  ;2  ;   ;1;
J;AB2;29    ;1  ;1  ;1  ;1  ;1  ;1  ;1  ;   ;   ;   ;   ;   ;   ;   ;   ;   ;   ;   ;   ;   ;   ;   ;   ;   ;   ;   ;   ;1;
J;AH1;21    ;1  ;1  ;1  ;1  ;1  ;1  ;1  ;1  ;   ;   ;   ;   ;   ;   ;   ;   ;   ;   ;   ;   ;   ;   ;   ;   ;   ;   ;   ;1;
J;AH1;28    ;1  ;1  ;1  ;1  ;1  ;1  ;1  ;1  ;   ;   ;   ;   ;   ;   ;   ;   ;   ;   ;   ;   ;   ;   ;   ;   ;   ;   ;   ;1;
J;AH2;21    ;   ;   ;   ;   ;   ;   ;   ;   ;2  ;2  ;2  ;2  ;2  ;2  ;2  ;2  ;2  ;2  ;2  ;   ;   ;   ;   ;   ;   ;   ;   ;1;
J;AH2;28    ;   ;   ;   ;   ;   ;   ;   ;   ;2  ;2  ;2  ;2  ;2  ;2  ;2  ;2  ;2  ;2  ;2  ;   ;   ;   ;   ;   ;   ;   ;   ;1;
J;ANG;21    ;34 ;34 ;34 ;34 ;35 ;35 ;36 ;36 ;37 ;37 ;38 ;38 ;39 ;39 ;40 ;40 ;41 ;41 ;41 ;   ;   ;   ;   ;   ;   ;   ;   ;1;
J;BET;29    ;1  ;1  ;1  ;1  ;1  ;1  ;1  ;2  ;2  ;2  ;2  ;2  ;2  ;3  ;3  ;3  ;3  ;3  ;3  ;4  ;4  ;4  ;4  ;4  ;4  ;4  ;   ;1;
J;BLD;21    ;35 ;35 ;35 ;35 ;35 ;35 ;36 ;36 ;37 ;37 ;38 ;38 ;39 ;39 ;   ;   ;   ;   ;   ;   ;   ;   ;   ;   ;   ;   ;   ;1;
J;BML;21    ;34 ;34 ;34 ;34 ;35 ;35 ;36 ;36 ;37 ;37 ;38 ;38 ;39 ;39 ;40 ;40 ;41 ;41 ;42 ;   ;   ;   ;   ;   ;   ;   ;   ;1;
J;BML;28    ;34 ;34 ;34 ;34 ;35 ;35 ;36 ;36 ;37 ;37 ;38 ;38 ;39 ;39 ;40 ;40 ;41 ;41 ;42 ;   ;   ;   ;   ;   ;   ;   ;   ;1;
J;BRS;21    ;34 ;34 ;34 ;34 ;35 ;35 ;36 ;36 ;37 ;37 ;38 ;38 ;39 ;39 ;40 ;40 ;41 ;41 ;41 ;   ;   ;   ;   ;   ;   ;   ;   ;1;
J;BRS;28    ;34G;34G;34G;34G;35G;35G;36G;36G;37G;37G;38G;38G;39G;39G;40G;40G;41G;41G;41G;   ;   ;   ;   ;   ;   ;   ;   ;1;
J;CND;28    ;1  ;1  ;1  ;1  ;1  ;1  ;1  ;2  ;2  ;2  ;2  ;3  ;3  ;3  ;3  ;4  ;4  ;4  ;4  ;   ;   ;   ;   ;   ;   ;   ;   ;1;
J;CNE;21    ;1  ;1  ;1  ;1  ;1  ;1  ;2  ;2  ;2  ;2  ;3  ;3  ;3  ;3  ;4  ;4  ;4  ;4  ;4  ;   ;   ;   ;   ;   ;   ;   ;   ;1;
J;CNU;29    ;0  ;0  ;0  ;0  ;0  ;1  ;1  ;1  ;1  ;2  ;2  ;2  ;2  ;3  ;3  ;3  ;3  ;4  ;4  ;4  ;4  ;   ;   ;   ;   ;   ;   ;1;
J;CTE;21    ;1  ;1  ;1  ;1  ;1  ;1  ;2  ;2  ;2  ;2  ;3  ;3  ;3  ;3  ;4  ;4  ;4  ;4  ;4  ;   ;   ;   ;   ;   ;   ;   ;   ;1;
J;CTE;28    ;1  ;1  ;1  ;1  ;1  ;1  ;2  ;2  ;2  ;2  ;3  ;3  ;3  ;3  ;4  ;4  ;4  ;4  ;4  ;   ;   ;   ;   ;   ;   ;   ;   ;1;
J;NAD;28    ;34G;34G;34G;35G;35G;36G;36G;37G;37G;38G;38G;39G;39G;40G;40G;41G;41G;42G;42G;   ;   ;   ;   ;   ;   ;   ;   ;1;
J;NAU;29    ;5  ;5  ;5  ;6  ;6  ;7  ;7  ;8  ;8  ;9  ;9  ;10 ;10 ;11 ;11 ;12 ;12 ;13 ;13 ;14 ;14 ;15 ;15 ;16 ;16 ;16 ;   ;1;
J;NMS;21    ;35 ;35 ;35 ;35 ;35 ;35 ;36 ;36 ;37 ;37 ;38 ;38 ;39 ;39 ;40 ;40 ;   ;   ;   ;   ;   ;   ;   ;   ;   ;   ;   ;1;
J;PAV;21    ;5  ;5  ;5  ;5  ;5  ;5  ;7  ;7  ;7  ;7  ;9  ;9  ;9  ;9  ;9  ;9  ;9  ;9  ;9  ;   ;   ;   ;   ;   ;   ;   ;   ;1;
J;PAV;28    ;5  ;5  ;5  ;5  ;5  ;5  ;7  ;7  ;7  ;7  ;9  ;9  ;9  ;9  ;9  ;9  ;9  ;9  ;9  ;   ;   ;   ;   ;   ;   ;   ;   ;1;
J;PR1;21    ;A  ;A  ;A  ;A  ;A  ;A  ;A  ;A  ;A  ;A  ;   ;   ;   ;   ;   ;   ;   ;   ;   ;   ;   ;   ;   ;   ;   ;   ;   ;1;
J;PR2;21    ;   ;   ;   ;   ;   ;   ;   ;   ;   ;   ;B  ;B  ;B  ;B  ;B  ;B  ;B  ;B  ;B  ;B  ;B  ;B  ;B  ;B  ;B  ;B  ;   ;1;
J;RHY;21    ;34 ;34 ;34 ;34 ;35 ;35 ;36 ;36 ;37 ;37 ;38 ;38 ;39 ;39 ;40 ;40 ;41 ;41 ;42 ;   ;   ;   ;   ;   ;   ;   ;   ;1;
J;RHY;28    ;34 ;34 ;34 ;34 ;35 ;35 ;36 ;36 ;37 ;37 ;38 ;38 ;39 ;39 ;40 ;40 ;41 ;41 ;42 ;   ;   ;   ;   ;   ;   ;   ;   ;1;
J;SCR;28    ;34 ;34 ;34 ;34 ;35 ;35 ;36 ;36 ;37 ;37 ;38 ;38 ;39 ;39 ;40 ;40 ;41 ;41 ;42 ;42 ;   ;   ;   ;   ;   ;   ;   ;1;
J;SID;29    ;5  ;5  ;5  ;6  ;6  ;7  ;7  ;8  ;8  ;9  ;9  ;10 ;10 ;11 ;11 ;12 ;12 ;13 ;13 ;14 ;14 ;15 ;15 ;16 ;16 ;16 ;   ;1;
J;ST1;28    ;37,;37,;37,;37,;37,;37,;37,;37,;37,;37,;   ;   ;   ;   ;   ;   ;   ;   ;   ;   ;   ;   ;   ;   ;   ;   ;   ;1;
J;ST2;28    ;   ;   ;   ;   ;   ;   ;   ;   ;   ;   ;42 ;42 ;42 ;42 ;42 ;42 ;42 ;42 ;42 ;   ;   ;   ;   ;   ;   ;   ;   ;1;
J;ST3;28    ;37 ;37 ;37 ;37 ;37 ;37 ;37 ;37 ;37 ;   ;   ;   ;   ;   ;   ;   ;   ;   ;   ;   ;   ;   ;   ;   ;   ;   ;   ;1;
J;ST4;28    ;   ;   ;   ;   ;   ;   ;   ;   ;   ;42 ;42 ;42 ;42 ;42 ;42 ;42 ;42 ;42 ;42 ;   ;   ;   ;   ;   ;   ;   ;   ;1;
J;ST5;29    ;135;135;135;135;135;135;135;135;135;135;135;   ;   ;   ;   ;   ;   ;   ;   ;   ;   ;   ;   ;   ;   ;   ;   ;1;
J;ST6;29    ;   ;   ;   ;   ;   ;   ;   ;   ;   ;   ;   ;145;145;145;145;145;145;145;145;145;145;145;145;145;145;145;   ;1;
J;ST7;21    ;115;115;115;115;115;115;115;115;115;125;125;125;125;125;125;125;125;125;125;   ;   ;   ;   ;   ;   ;   ;   ;1;
J;UL1;28    ;37+;37+;37+;37+;37+;37+;37+;37+;37+;37+;   ;   ;   ;   ;   ;   ;   ;   ;   ;   ;   ;   ;   ;   ;   ;   ;   ;1;
J;UL2;28    ;   ;   ;   ;   ;   ;   ;   ;   ;   ;   ;40+;40+;40+;40+;40+;40+;   ;   ;   ;   ;   ;   ;   ;   ;   ;   ;   ;1;
J;UL3;28    ;   ;   ;   ;   ;   ;   ;   ;   ;   ;   ;   ;   ;   ;   ;   ;   ;42 ;42 ;42 ;   ;   ;   ;   ;   ;   ;   ;   ;1;
J;ULT;28    ;   ;34G;34G;34G;35G;35G;36G;36G;37G;37G;38G;38G;39G;39G;40G;40G;41G;41G;42G;   ;   ;   ;   ;   ;   ;   ;   ;1;
